("state",(0.00,1000000.00,0.00,1.50,1000000.00,0.20,1000.00,0.00,"NULL",0.00))
("posture",(18.00,0.00,0.00,1800.00,0.00,1800.00))
("posture",(35.68,0.00,0.00,1767.60,0.00,1767.60))
("posture",(53.03,0.00,0.00,1735.78,0.00,1735.78))
("posture",(70.08,0.00,0.00,1704.54,0.00,1704.54))
("posture",(86.82,0.00,0.00,1673.86,0.00,1673.86))
("posture",(103.26,0.00,0.00,1643.73,0.00,1643.73))
("posture",(119.40,0.00,0.00,1614.14,0.00,1614.14))
("posture",(135.25,0.00,0.00,1585.09,0.00,1585.09))
("posture",(150.81,0.00,0.00,1556.56,0.00,1556.56))
("posture",(166.10,0.00,0.00,1528.54,0.00,1528.54))
("posture",(181.11,0.00,0.00,1501.02,0.00,1501.02))
("posture",(195.85,0.00,0.00,1474.01,0.00,1474.01))
("posture",(210.32,0.00,0.00,1447.47,0.00,1447.47))
("posture",(224.54,0.00,0.00,1421.42,0.00,1421.42))
("posture",(238.50,0.00,0.00,1395.83,0.00,1395.83))
("posture",(252.20,0.00,0.00,1370.71,0.00,1370.71))
("posture",(265.66,0.00,0.00,1346.04,0.00,1346.04))
("posture",(278.88,0.00,0.00,1321.81,0.00,1321.81))
("posture",(291.86,0.00,0.00,1298.01,0.00,1298.01))
("posture",(304.61,0.00,0.00,1274.65,0.00,1274.65))
("posture",(317.13,0.00,0.00,1251.71,0.00,1251.71))
("posture",(329.42,0.00,0.00,1229.18,0.00,1229.18))
("posture",(341.49,0.00,0.00,1207.05,0.00,1207.05))
("posture",(353.34,0.00,0.00,1185.32,0.00,1185.32))
("posture",(364.98,0.00,0.00,1163.99,0.00,1163.99))
("posture",(376.41,0.00,0.00,1143.04,0.00,1143.04))
("posture",(387.64,0.00,0.00,1122.46,0.00,1122.46))
("posture",(398.66,0.00,0.00,1102.26,0.00,1102.26))
("posture",(409.48,0.00,0.00,1082.42,0.00,1082.42))
("posture",(420.11,0.00,0.00,1062.93,0.00,1062.93))
("posture",(430.55,0.00,0.00,1043.80,0.00,1043.80))
("posture",(440.80,0.00,0.00,1025.01,0.00,1025.01))
("posture",(450.87,0.00,0.00,1006.56,0.00,1006.56))
("posture",(460.75,0.00,0.00,988.44,0.00,988.44))
("posture",(470.46,0.00,0.00,970.65,0.00,970.65))
("posture",(479.99,0.00,0.00,953.18,0.00,953.18))
("posture",(489.35,0.00,0.00,936.02,0.00,936.02))
("posture",(498.54,0.00,0.00,919.17,0.00,919.17))
("posture",(507.57,0.00,0.00,902.63,0.00,902.63))
("posture",(516.43,0.00,0.00,886.38,0.00,886.38))
("posture",(525.13,0.00,0.00,870.43,0.00,870.43))
("posture",(533.68,0.00,0.00,854.76,0.00,854.76))
("posture",(542.08,0.00,0.00,839.37,0.00,839.37))
("posture",(550.32,0.00,0.00,824.26,0.00,824.26))
("posture",(558.41,0.00,0.00,809.43,0.00,809.43))
("posture",(566.36,0.00,0.00,794.86,0.00,794.86))
("posture",(574.17,0.00,0.00,780.55,0.00,780.55))
("posture",(581.83,0.00,0.00,766.50,0.00,766.50))
("posture",(589.36,0.00,0.00,752.70,0.00,752.70))
("posture",(596.75,0.00,0.00,739.15,0.00,739.15))
("posture",(604.01,0.00,0.00,725.85,0.00,725.85))
("posture",(611.14,0.00,0.00,712.78,0.00,712.78))
("posture",(618.14,0.00,0.00,699.95,0.00,699.95))
("posture",(625.01,0.00,0.00,687.36,0.00,687.36))
("posture",(631.76,0.00,0.00,674.98,0.00,674.98))
("posture",(638.39,0.00,0.00,662.83,0.00,662.83))
("posture",(644.90,0.00,0.00,650.90,0.00,650.90))
("posture",(651.29,0.00,0.00,639.19,0.00,639.19))
("posture",(657.57,0.00,0.00,627.68,0.00,627.68))
("posture",(663.73,0.00,0.00,616.38,0.00,616.38))
("posture",(669.78,0.00,0.00,605.29,0.00,605.29))
("posture",(675.73,0.00,0.00,594.39,0.00,594.39))
("posture",(681.56,0.00,0.00,583.69,0.00,583.69))
("posture",(687.30,0.00,0.00,573.19,0.00,573.19))
("posture",(692.92,0.00,0.00,562.87,0.00,562.87))
("posture",(698.45,0.00,0.00,552.74,0.00,552.74))
("posture",(703.88,0.00,0.00,542.79,0.00,542.79))
("posture",(709.21,0.00,0.00,533.02,0.00,533.02))
("posture",(714.44,0.00,0.00,523.42,0.00,523.42))
("posture",(719.58,0.00,0.00,514.00,0.00,514.00))
("posture",(724.63,0.00,0.00,504.75,0.00,504.75))
("posture",(729.59,0.00,0.00,495.66,0.00,495.66))
("posture",(734.46,0.00,0.00,486.74,0.00,486.74))
("posture",(739.23,0.00,0.00,477.98,0.00,477.98))
("posture",(743.93,0.00,0.00,469.38,0.00,469.38))
("posture",(748.54,0.00,0.00,460.93,0.00,460.93))
("posture",(753.06,0.00,0.00,452.63,0.00,452.63))
("posture",(757.51,0.00,0.00,444.48,0.00,444.48))
("posture",(761.87,0.00,0.00,436.48,0.00,436.48))
("posture",(766.16,0.00,0.00,428.63,0.00,428.63))
("posture",(770.37,0.00,0.00,420.91,0.00,420.91))
("posture",(774.50,0.00,0.00,413.34,0.00,413.34))
("posture",(778.56,0.00,0.00,405.90,0.00,405.90))
("posture",(782.55,0.00,0.00,398.59,0.00,398.59))
("posture",(786.46,0.00,0.00,391.41,0.00,391.41))
("posture",(790.31,0.00,0.00,384.37,0.00,384.37))
("posture",(794.08,0.00,0.00,377.45,0.00,377.45))
("posture",(797.79,0.00,0.00,370.66,0.00,370.66))
("posture",(801.43,0.00,0.00,363.98,0.00,363.98))
("posture",(805.00,0.00,0.00,357.43,0.00,357.43))
("posture",(808.51,0.00,0.00,351.00,0.00,351.00))
("posture",(811.96,0.00,0.00,344.68,0.00,344.68))
("posture",(815.34,0.00,0.00,338.48,0.00,338.48))
("posture",(818.67,0.00,0.00,332.38,0.00,332.38))
("posture",(821.93,0.00,0.00,326.40,0.00,326.40))
("posture",(825.14,0.00,0.00,320.53,0.00,320.53))
("posture",(828.28,0.00,0.00,314.76,0.00,314.76))
("posture",(831.37,0.00,0.00,309.09,0.00,309.09))
("posture",(834.41,0.00,0.00,303.53,0.00,303.53))
("posture",(837.39,0.00,0.00,298.06,0.00,298.06))
("posture",(840.32,0.00,0.00,292.70,0.00,292.70))
("posture",(843.19,0.00,0.00,287.43,0.00,287.43))
("posture",(846.01,0.00,0.00,282.26,0.00,282.26))
("posture",(848.79,0.00,0.00,277.18,0.00,277.18))
("posture",(851.51,0.00,0.00,272.19,0.00,272.19))
("posture",(854.18,0.00,0.00,267.29,0.00,267.29))
("posture",(856.80,0.00,0.00,262.48,0.00,262.48))
("posture",(859.38,0.00,0.00,257.75,0.00,257.75))
("posture",(861.91,0.00,0.00,253.11,0.00,253.11))
("posture",(864.40,0.00,0.00,248.56,0.00,248.56))
("posture",(866.84,0.00,0.00,244.08,0.00,244.08))
("posture",(869.24,0.00,0.00,239.69,0.00,239.69))
("posture",(871.59,0.00,0.00,235.37,0.00,235.37))
("posture",(873.90,0.00,0.00,231.14,0.00,231.14))
("posture",(876.17,0.00,0.00,226.98,0.00,226.98))
("posture",(878.40,0.00,0.00,222.89,0.00,222.89))
("posture",(880.59,0.00,0.00,218.88,0.00,218.88))
("posture",(882.74,0.00,0.00,214.94,0.00,214.94))
("posture",(884.85,0.00,0.00,211.07,0.00,211.07))
("posture",(886.92,0.00,0.00,207.27,0.00,207.27))
("posture",(888.96,0.00,0.00,203.54,0.00,203.54))
("posture",(890.96,0.00,0.00,199.88,0.00,199.88))
("posture",(892.92,0.00,0.00,196.28,0.00,196.28))
("posture",(894.85,0.00,0.00,192.75,0.00,192.75))
("posture",(896.74,0.00,0.00,189.28,0.00,189.28))
("posture",(898.60,0.00,0.00,185.87,0.00,185.87))
("posture",(900.42,0.00,0.00,182.52,0.00,182.52))
("posture",(902.22,0.00,0.00,179.24,0.00,179.24))
("posture",(903.98,0.00,0.00,176.01,0.00,176.01))
("posture",(905.70,0.00,0.00,172.84,0.00,172.84))
("posture",(907.40,0.00,0.00,169.73,0.00,169.73))
("posture",(909.07,0.00,0.00,166.68,0.00,166.68))
("posture",(910.71,0.00,0.00,163.68,0.00,163.68))
("posture",(912.31,0.00,0.00,160.73,0.00,160.73))
("posture",(913.89,0.00,0.00,157.84,0.00,157.84))
("posture",(915.44,0.00,0.00,155.00,0.00,155.00))
("posture",(916.96,0.00,0.00,152.21,0.00,152.21))
("posture",(918.46,0.00,0.00,149.47,0.00,149.47))
("posture",(919.93,0.00,0.00,146.78,0.00,146.78))
("posture",(921.37,0.00,0.00,144.13,0.00,144.13))
("posture",(922.78,0.00,0.00,141.54,0.00,141.54))
("posture",(924.17,0.00,0.00,138.99,0.00,138.99))
("posture",(925.54,0.00,0.00,136.49,0.00,136.49))
("posture",(926.88,0.00,0.00,134.03,0.00,134.03))
("posture",(928.19,0.00,0.00,131.62,0.00,131.62))
("posture",(929.49,0.00,0.00,129.25,0.00,129.25))
("posture",(930.76,0.00,0.00,126.93,0.00,126.93))
("posture",(932.00,0.00,0.00,124.64,0.00,124.64))
("posture",(933.23,0.00,0.00,122.40,0.00,122.40))
("posture",(934.43,0.00,0.00,120.19,0.00,120.19))
("posture",(935.61,0.00,0.00,118.03,0.00,118.03))
("posture",(936.77,0.00,0.00,115.91,0.00,115.91))
("posture",(937.91,0.00,0.00,113.82,0.00,113.82))
("posture",(939.02,0.00,0.00,111.77,0.00,111.77))
("posture",(940.12,0.00,0.00,109.76,0.00,109.76))
("posture",(941.20,0.00,0.00,107.78,0.00,107.78))
("posture",(942.26,0.00,0.00,105.84,0.00,105.84))
("posture",(943.30,0.00,0.00,103.94,0.00,103.94))
("posture",(944.32,0.00,0.00,102.07,0.00,102.07))
("posture",(945.32,0.00,0.00,100.23,0.00,100.23))
("posture",(946.30,0.00,0.00,98.43,0.00,98.43))
("posture",(947.27,0.00,0.00,96.65,0.00,96.65))
("posture",(948.22,0.00,0.00,94.91,0.00,94.91))
("posture",(949.15,0.00,0.00,93.21,0.00,93.21))
("posture",(950.07,0.00,0.00,91.53,0.00,91.53))
("posture",(950.97,0.00,0.00,89.88,0.00,89.88))
("posture",(951.85,0.00,0.00,88.26,0.00,88.26))
("posture",(952.71,0.00,0.00,86.67,0.00,86.67))
("posture",(953.57,0.00,0.00,85.11,0.00,85.11))
("posture",(954.40,0.00,0.00,83.58,0.00,83.58))
("posture",(955.22,0.00,0.00,82.08,0.00,82.08))
("posture",(956.03,0.00,0.00,80.60,0.00,80.60))
("posture",(956.82,0.00,0.00,79.15,0.00,79.15))
("posture",(957.60,0.00,0.00,77.72,0.00,77.72))
("posture",(958.36,0.00,0.00,76.33,0.00,76.33))
("posture",(959.11,0.00,0.00,74.95,0.00,74.95))
("posture",(959.85,0.00,0.00,73.60,0.00,73.60))
("posture",(960.57,0.00,0.00,72.28,0.00,72.28))
("posture",(961.28,0.00,0.00,70.98,0.00,70.98))
("posture",(961.98,0.00,0.00,69.70,0.00,69.70))
("posture",(962.66,0.00,0.00,68.44,0.00,68.44))
("posture",(963.33,0.00,0.00,67.21,0.00,67.21))
("posture",(963.99,0.00,0.00,66.00,0.00,66.00))
("posture",(964.64,0.00,0.00,64.81,0.00,64.81))
("posture",(965.28,0.00,0.00,63.65,0.00,63.65))
("posture",(965.90,0.00,0.00,62.50,0.00,62.50))
("posture",(966.52,0.00,0.00,61.38,0.00,61.38))
("posture",(967.12,0.00,0.00,60.27,0.00,60.27))
("posture",(967.71,0.00,0.00,59.19,0.00,59.19))
("posture",(968.29,0.00,0.00,58.12,0.00,58.12))
("posture",(968.86,0.00,0.00,57.08,0.00,57.08))
("posture",(969.42,0.00,0.00,56.05,0.00,56.05))
("posture",(969.97,0.00,0.00,55.04,0.00,55.04))
("posture",(970.51,0.00,0.00,54.05,0.00,54.05))
("posture",(971.04,0.00,0.00,53.08,0.00,53.08))
("posture",(971.57,0.00,0.00,52.12,0.00,52.12))
("posture",(972.08,0.00,0.00,51.18,0.00,51.18))
("posture",(972.58,0.00,0.00,50.26,0.00,50.26))
("posture",(973.07,0.00,0.00,49.36,0.00,49.36))
("posture",(973.56,0.00,0.00,48.47,0.00,48.47))
("posture",(974.03,0.00,0.00,47.60,0.00,47.60))
("posture",(974.50,0.00,0.00,46.74,0.00,46.74))
("posture",(974.96,0.00,0.00,45.90,0.00,45.90))
("posture",(975.41,0.00,0.00,45.07,0.00,45.07))
("posture",(975.85,0.00,0.00,44.26,0.00,44.26))
("posture",(976.29,0.00,0.00,43.46,0.00,43.46))
("posture",(976.71,0.00,0.00,42.68,0.00,42.68))
("posture",(977.13,0.00,0.00,41.91,0.00,41.91))
("posture",(977.55,0.00,0.00,41.16,0.00,41.16))
("posture",(977.95,0.00,0.00,40.42,0.00,40.42))
("posture",(978.35,0.00,0.00,39.69,0.00,39.69))
("posture",(978.74,0.00,0.00,38.98,0.00,38.98))
("posture",(979.12,0.00,0.00,38.27,0.00,38.27))
("posture",(979.50,0.00,0.00,37.59,0.00,37.59))
("posture",(979.86,0.00,0.00,36.91,0.00,36.91))
("posture",(980.23,0.00,0.00,36.24,0.00,36.24))
("posture",(980.58,0.00,0.00,35.59,0.00,35.59))
("posture",(980.93,0.00,0.00,34.95,0.00,34.95))
("posture",(981.28,0.00,0.00,34.32,0.00,34.32))
("posture",(981.61,0.00,0.00,33.70,0.00,33.70))
("posture",(981.94,0.00,0.00,33.10,0.00,33.10))
("posture",(982.27,0.00,0.00,32.50,0.00,32.50))
("posture",(982.59,0.00,0.00,31.92,0.00,31.92))
("posture",(982.90,0.00,0.00,31.34,0.00,31.34))
("posture",(983.21,0.00,0.00,30.78,0.00,30.78))
("posture",(983.51,0.00,0.00,30.22,0.00,30.22))
("posture",(983.81,0.00,0.00,29.68,0.00,29.68))
("posture",(984.10,0.00,0.00,29.15,0.00,29.15))
("posture",(984.39,0.00,0.00,28.62,0.00,28.62))
("posture",(984.67,0.00,0.00,28.11,0.00,28.11))
("posture",(984.94,0.00,0.00,27.60,0.00,27.60))
("posture",(985.21,0.00,0.00,27.10,0.00,27.10))
("posture",(985.48,0.00,0.00,26.62,0.00,26.62))
("posture",(985.74,0.00,0.00,26.14,0.00,26.14))
("posture",(986.00,0.00,0.00,25.67,0.00,25.67))
("posture",(986.25,0.00,0.00,25.20,0.00,25.20))
("posture",(986.50,0.00,0.00,24.75,0.00,24.75))
("posture",(986.74,0.00,0.00,24.30,0.00,24.30))
("posture",(986.98,0.00,0.00,23.87,0.00,23.87))
("posture",(987.21,0.00,0.00,23.44,0.00,23.44))
("posture",(987.44,0.00,0.00,23.02,0.00,23.02))
("posture",(987.67,0.00,0.00,22.60,0.00,22.60))
("posture",(987.89,0.00,0.00,22.19,0.00,22.19))
("posture",(988.11,0.00,0.00,21.80,0.00,21.80))
("posture",(988.32,0.00,0.00,21.40,0.00,21.40))
("posture",(988.53,0.00,0.00,21.02,0.00,21.02))
("posture",(988.74,0.00,0.00,20.64,0.00,20.64))
("posture",(988.94,0.00,0.00,20.27,0.00,20.27))
("posture",(989.14,0.00,0.00,19.90,0.00,19.90))
("posture",(989.34,0.00,0.00,19.54,0.00,19.54))
("posture",(989.53,0.00,0.00,19.19,0.00,19.19))
("posture",(989.72,0.00,0.00,18.85,0.00,18.85))
("posture",(989.90,0.00,0.00,18.51,0.00,18.51))
("posture",(990.08,0.00,0.00,18.18,0.00,18.18))
("posture",(990.26,0.00,0.00,17.85,0.00,17.85))
("posture",(990.44,0.00,0.00,17.53,0.00,17.53))
("posture",(990.61,0.00,0.00,17.21,0.00,17.21))
("posture",(990.78,0.00,0.00,16.90,0.00,16.90))
("posture",(990.95,0.00,0.00,16.60,0.00,16.60))
("posture",(991.11,0.00,0.00,16.30,0.00,16.30))
("posture",(991.27,0.00,0.00,16.01,0.00,16.01))
("posture",(991.43,0.00,0.00,15.72,0.00,15.72))
("posture",(991.58,0.00,0.00,15.43,0.00,15.43))
("posture",(991.73,0.00,0.00,15.16,0.00,15.16))
("posture",(991.88,0.00,0.00,14.88,0.00,14.88))
("posture",(992.03,0.00,0.00,14.62,0.00,14.62))
("posture",(992.17,0.00,0.00,14.35,0.00,14.35))
("posture",(992.31,0.00,0.00,14.09,0.00,14.09))
("posture",(992.45,0.00,0.00,13.84,0.00,13.84))
("posture",(992.59,0.00,0.00,13.59,0.00,13.59))
("posture",(992.72,0.00,0.00,13.35,0.00,13.35))
("posture",(992.85,0.00,0.00,13.11,0.00,13.11))
("posture",(992.98,0.00,0.00,12.87,0.00,12.87))
("posture",(993.10,0.00,0.00,12.64,0.00,12.64))
("posture",(993.23,0.00,0.00,12.41,0.00,12.41))
("posture",(993.35,0.00,0.00,12.19,0.00,12.19))
("posture",(993.47,0.00,0.00,11.97,0.00,11.97))
("posture",(993.59,0.00,0.00,11.75,0.00,11.75))
("posture",(993.70,0.00,0.00,11.54,0.00,11.54))
("posture",(993.82,0.00,0.00,11.33,0.00,11.33))
("posture",(993.93,0.00,0.00,11.13,0.00,11.13))
("posture",(994.04,0.00,0.00,10.93,0.00,10.93))
("posture",(994.14,0.00,0.00,10.73,0.00,10.73))
("posture",(994.25,0.00,0.00,10.54,0.00,10.54))
("posture",(994.35,0.00,0.00,10.35,0.00,10.35))
("posture",(994.46,0.00,0.00,10.16,0.00,10.16))
("posture",(994.56,0.00,0.00,9.98,0.00,9.98))
("posture",(994.65,0.00,0.00,9.80,0.00,9.80))
("posture",(994.75,0.00,0.00,9.62,0.00,9.62))
("posture",(994.84,0.00,0.00,9.45,0.00,9.45))
("posture",(994.94,0.00,0.00,9.28,0.00,9.28))
("posture",(995.03,0.00,0.00,9.11,0.00,9.11))
("posture",(995.12,0.00,0.00,8.95,0.00,8.95))
("posture",(995.21,0.00,0.00,8.79,0.00,8.79))
("posture",(995.29,0.00,0.00,8.63,0.00,8.63))
("posture",(995.38,0.00,0.00,8.48,0.00,8.48))
("posture",(995.46,0.00,0.00,8.32,0.00,8.32))
("posture",(995.54,0.00,0.00,8.17,0.00,8.17))
("posture",(995.62,0.00,0.00,8.03,0.00,8.03))
("posture",(995.70,0.00,0.00,7.88,0.00,7.88))
("posture",(995.78,0.00,0.00,7.74,0.00,7.74))
("posture",(995.85,0.00,0.00,7.60,0.00,7.60))
("posture",(995.93,0.00,0.00,7.46,0.00,7.46))
("posture",(996.00,0.00,0.00,7.33,0.00,7.33))
("posture",(996.07,0.00,0.00,7.20,0.00,7.20))
("posture",(996.14,0.00,0.00,7.07,0.00,7.07))
("posture",(996.21,0.00,0.00,6.94,0.00,6.94))
("posture",(996.28,0.00,0.00,6.82,0.00,6.82))
("posture",(996.35,0.00,0.00,6.69,0.00,6.69))
("posture",(996.41,0.00,0.00,6.57,0.00,6.57))
("posture",(996.48,0.00,0.00,6.45,0.00,6.45))
("posture",(996.54,0.00,0.00,6.34,0.00,6.34))
("posture",(996.60,0.00,0.00,6.22,0.00,6.22))
("posture",(996.67,0.00,0.00,6.11,0.00,6.11))
("posture",(996.73,0.00,0.00,6.00,0.00,6.00))
("posture",(996.78,0.00,0.00,5.89,0.00,5.89))
("posture",(996.84,0.00,0.00,5.79,0.00,5.79))
("posture",(996.90,0.00,0.00,5.68,0.00,5.68))
("posture",(996.96,0.00,0.00,5.58,0.00,5.58))
("posture",(997.01,0.00,0.00,5.48,0.00,5.48))
("posture",(997.06,0.00,0.00,5.38,0.00,5.38))
("posture",(997.12,0.00,0.00,5.29,0.00,5.29))
("posture",(997.17,0.00,0.00,5.19,0.00,5.19))
("posture",(997.22,0.00,0.00,5.10,0.00,5.10))
("posture",(997.27,0.00,0.00,5.00,0.00,5.00))
("posture",(997.32,0.00,0.00,4.91,0.00,4.91))
("posture",(997.37,0.00,0.00,4.83,0.00,4.83))
("posture",(997.41,0.00,0.00,4.74,0.00,4.74))
("posture",(997.46,0.00,0.00,4.65,0.00,4.65))
("posture",(997.51,0.00,0.00,4.57,0.00,4.57))
("posture",(997.55,0.00,0.00,4.49,0.00,4.49))
("posture",(997.60,0.00,0.00,4.41,0.00,4.41))
("posture",(997.64,0.00,0.00,4.33,0.00,4.33))
("posture",(997.68,0.00,0.00,4.25,0.00,4.25))
("posture",(997.72,0.00,0.00,4.17,0.00,4.17))
("posture",(997.76,0.00,0.00,4.10,0.00,4.10))
("posture",(997.80,0.00,0.00,4.02,0.00,4.02))
("posture",(997.84,0.00,0.00,3.95,0.00,3.95))
("posture",(997.88,0.00,0.00,3.88,0.00,3.88))
("posture",(997.92,0.00,0.00,3.81,0.00,3.81))
("posture",(997.96,0.00,0.00,3.74,0.00,3.74))
("posture",(997.99,0.00,0.00,3.68,0.00,3.68))
("posture",(998.03,0.00,0.00,3.61,0.00,3.61))
("posture",(998.07,0.00,0.00,3.54,0.00,3.54))
("posture",(998.10,0.00,0.00,3.48,0.00,3.48))
("posture",(998.14,0.00,0.00,3.42,0.00,3.42))
("posture",(998.17,0.00,0.00,3.36,0.00,3.36))
("posture",(998.20,0.00,0.00,3.30,0.00,3.30))
("posture",(998.23,0.00,0.00,3.24,0.00,3.24))
("posture",(998.27,0.00,0.00,3.18,0.00,3.18))
("posture",(998.30,0.00,0.00,3.12,0.00,3.12))
("posture",(998.33,0.00,0.00,3.06,0.00,3.06))
("posture",(998.36,0.00,0.00,3.01,0.00,3.01))
("posture",(998.39,0.00,0.00,2.96,0.00,2.96))
("posture",(998.42,0.00,0.00,2.90,0.00,2.90))
("posture",(998.45,0.00,0.00,2.85,0.00,2.85))
("posture",(998.47,0.00,0.00,2.80,0.00,2.80))
("posture",(998.50,0.00,0.00,2.75,0.00,2.75))
("posture",(998.53,0.00,0.00,2.70,0.00,2.70))
("posture",(998.55,0.00,0.00,2.65,0.00,2.65))
("posture",(998.58,0.00,0.00,2.60,0.00,2.60))
("posture",(998.61,0.00,0.00,2.56,0.00,2.56))
("posture",(998.63,0.00,0.00,2.51,0.00,2.51))
("posture",(998.66,0.00,0.00,2.46,0.00,2.46))
("posture",(998.68,0.00,0.00,2.42,0.00,2.42))
("posture",(998.70,0.00,0.00,2.38,0.00,2.38))
("posture",(998.73,0.00,0.00,2.33,0.00,2.33))
("posture",(998.75,0.00,0.00,2.29,0.00,2.29))
("posture",(998.77,0.00,0.00,2.25,0.00,2.25))
("posture",(998.79,0.00,0.00,2.21,0.00,2.21))
("posture",(998.82,0.00,0.00,2.17,0.00,2.17))
("posture",(998.84,0.00,0.00,2.13,0.00,2.13))
("posture",(998.86,0.00,0.00,2.09,0.00,2.09))
("posture",(998.88,0.00,0.00,2.06,0.00,2.06))
("posture",(998.90,0.00,0.00,2.02,0.00,2.02))
("posture",(998.92,0.00,0.00,1.98,0.00,1.98))
("posture",(998.94,0.00,0.00,1.95,0.00,1.95))
("posture",(998.96,0.00,0.00,1.91,0.00,1.91))
("posture",(998.98,0.00,0.00,1.88,0.00,1.88))
("posture",(998.99,0.00,0.00,1.84,0.00,1.84))
("posture",(999.01,0.00,0.00,1.81,0.00,1.81))
("posture",(999.03,0.00,0.00,1.78,0.00,1.78))
("posture",(999.05,0.00,0.00,1.75,0.00,1.75))
("posture",(999.07,0.00,0.00,1.71,0.00,1.71))
("posture",(999.08,0.00,0.00,1.68,0.00,1.68))
("posture",(999.10,0.00,0.00,1.65,0.00,1.65))
("posture",(999.11,0.00,0.00,1.62,0.00,1.62))
("posture",(999.13,0.00,0.00,1.59,0.00,1.59))
("posture",(999.15,0.00,0.00,1.57,0.00,1.57))
("posture",(999.16,0.00,0.00,1.54,0.00,1.54))
("posture",(999.18,0.00,0.00,1.51,0.00,1.51))
("posture",(999.19,0.00,0.00,1.48,0.00,1.48))
("posture",(999.21,0.00,0.00,1.46,0.00,1.46))
("posture",(999.22,0.00,0.00,1.43,0.00,1.43))
("posture",(999.23,0.00,0.00,1.40,0.00,1.40))
("posture",(999.25,0.00,0.00,1.38,0.00,1.38))
("posture",(999.26,0.00,0.00,1.35,0.00,1.35))
("posture",(999.27,0.00,0.00,1.33,0.00,1.33))
("posture",(999.29,0.00,0.00,1.31,0.00,1.31))
("posture",(999.30,0.00,0.00,1.28,0.00,1.28))
("posture",(999.31,0.00,0.00,1.26,0.00,1.26))
("posture",(999.33,0.00,0.00,1.24,0.00,1.24))
("posture",(999.34,0.00,0.00,1.21,0.00,1.21))
("posture",(999.35,0.00,0.00,1.19,0.00,1.19))
("posture",(999.36,0.00,0.00,1.17,0.00,1.17))
("posture",(999.37,0.00,0.00,1.15,0.00,1.15))
("posture",(999.38,0.00,0.00,1.13,0.00,1.13))
("posture",(999.40,0.00,0.00,1.11,0.00,1.11))
("posture",(999.41,0.00,0.00,1.09,0.00,1.09))
("posture",(999.42,0.00,0.00,1.07,0.00,1.07))
("posture",(999.43,0.00,0.00,1.05,0.00,1.05))
("posture",(999.44,0.00,0.00,1.03,0.00,1.03))
("posture",(999.45,0.00,0.00,1.01,0.00,1.01))
("posture",(999.46,0.00,0.00,0.99,0.00,0.99))
("posture",(999.47,0.00,0.00,0.98,0.00,0.98))
("posture",(999.48,0.00,0.00,0.96,0.00,0.96))
("posture",(999.49,0.00,0.00,0.94,0.00,0.94))
("posture",(999.50,0.00,0.00,0.92,0.00,0.92))
("posture",(999.50,0.00,0.00,0.91,0.00,0.91))
("posture",(999.51,0.00,0.00,0.89,0.00,0.89))
("posture",(999.52,0.00,0.00,0.88,0.00,0.88))
("posture",(999.53,0.00,0.00,0.86,0.00,0.86))
("posture",(999.54,0.00,0.00,0.84,0.00,0.84))
("posture",(999.55,0.00,0.00,0.83,0.00,0.83))
("posture",(999.56,0.00,0.00,0.81,0.00,0.81))
("posture",(999.56,0.00,0.00,0.80,0.00,0.80))
("posture",(999.57,0.00,0.00,0.78,0.00,0.78))
("posture",(999.58,0.00,0.00,0.77,0.00,0.77))
("posture",(999.59,0.00,0.00,0.76,0.00,0.76))
("posture",(999.59,0.00,0.00,0.74,0.00,0.74))
("posture",(999.60,0.00,0.00,0.73,0.00,0.73))
("posture",(999.61,0.00,0.00,0.72,0.00,0.72))
("posture",(999.62,0.00,0.00,0.70,0.00,0.70))
("posture",(999.62,0.00,0.00,0.69,0.00,0.69))
("posture",(999.63,0.00,0.00,0.68,0.00,0.68))
("posture",(999.64,0.00,0.00,0.67,0.00,0.67))
("posture",(999.64,0.00,0.00,0.65,0.00,0.65))
("posture",(999.65,0.00,0.00,0.64,0.00,0.64))
("posture",(999.66,0.00,0.00,0.63,0.00,0.63))
("posture",(999.66,0.00,0.00,0.62,0.00,0.62))
("posture",(999.67,0.00,0.00,0.61,0.00,0.61))
("posture",(999.67,0.00,0.00,0.60,0.00,0.60))
("posture",(999.68,0.00,0.00,0.59,0.00,0.59))
("posture",(999.69,0.00,0.00,0.58,0.00,0.58))
("posture",(999.69,0.00,0.00,0.57,0.00,0.57))
("posture",(999.70,0.00,0.00,0.56,0.00,0.56))
("posture",(999.70,0.00,0.00,0.55,0.00,0.55))
("posture",(999.71,0.00,0.00,0.54,0.00,0.54))
("posture",(999.71,0.00,0.00,0.53,0.00,0.53))
("posture",(999.72,0.00,0.00,0.52,0.00,0.52))
("posture",(999.72,0.00,0.00,0.51,0.00,0.51))
("posture",(999.73,0.00,0.00,0.50,0.00,0.50))
("posture",(999.73,0.00,0.00,0.49,0.00,0.49))
("posture",(999.74,0.00,0.00,0.48,0.00,0.48))
("posture",(999.74,0.00,0.00,0.47,0.00,0.47))
("posture",(999.75,0.00,0.00,0.46,0.00,0.46))
("posture",(999.75,0.00,0.00,0.46,0.00,0.46))
("posture",(999.76,0.00,0.00,0.45,0.00,0.45))
("posture",(999.76,0.00,0.00,0.44,0.00,0.44))
("posture",(999.76,0.00,0.00,0.43,0.00,0.43))
("posture",(999.77,0.00,0.00,0.42,0.00,0.42))
("posture",(999.77,0.00,0.00,0.42,0.00,0.42))
("posture",(999.78,0.00,0.00,0.41,0.00,0.41))
("posture",(999.78,0.00,0.00,0.40,0.00,0.40))
("posture",(999.79,0.00,0.00,0.39,0.00,0.39))
("posture",(999.79,0.00,0.00,0.39,0.00,0.39))
("posture",(999.79,0.00,0.00,0.38,0.00,0.38))
("posture",(999.80,0.00,0.00,0.37,0.00,0.37))
("posture",(999.80,0.00,0.00,0.37,0.00,0.37))
("posture",(999.80,0.00,0.00,0.36,0.00,0.36))
("posture",(999.81,0.00,0.00,0.35,0.00,0.35))
("posture",(999.81,0.00,0.00,0.35,0.00,0.35))
("posture",(999.81,0.00,0.00,0.34,0.00,0.34))
("posture",(999.82,0.00,0.00,0.33,0.00,0.33))
("posture",(999.82,0.00,0.00,0.33,0.00,0.33))
("posture",(999.82,0.00,0.00,0.32,0.00,0.32))
("posture",(999.83,0.00,0.00,0.32,0.00,0.32))
("posture",(999.83,0.00,0.00,0.31,0.00,0.31))
("posture",(999.83,0.00,0.00,0.31,0.00,0.31))
("posture",(999.84,0.00,0.00,0.30,0.00,0.30))
("posture",(999.84,0.00,0.00,0.29,0.00,0.29))
("posture",(999.84,0.00,0.00,0.29,0.00,0.29))
("posture",(999.85,0.00,0.00,0.28,0.00,0.28))
("posture",(999.85,0.00,0.00,0.28,0.00,0.28))
("posture",(999.85,0.00,0.00,0.27,0.00,0.27))
("posture",(999.85,0.00,0.00,0.27,0.00,0.27))
("posture",(999.86,0.00,0.00,0.26,0.00,0.26))
("posture",(999.86,0.00,0.00,0.26,0.00,0.26))
("posture",(999.86,0.00,0.00,0.25,0.00,0.25))
("posture",(999.86,0.00,0.00,0.25,0.00,0.25))
("posture",(999.87,0.00,0.00,0.25,0.00,0.25))
("posture",(999.87,0.00,0.00,0.24,0.00,0.24))
("posture",(999.87,0.00,0.00,0.24,0.00,0.24))
("posture",(999.87,0.00,0.00,0.23,0.00,0.23))
("posture",(999.88,0.00,0.00,0.23,0.00,0.23))
("posture",(999.88,0.00,0.00,0.22,0.00,0.22))
("posture",(999.88,0.00,0.00,0.22,0.00,0.22))
("posture",(999.88,0.00,0.00,0.22,0.00,0.22))
("posture",(999.88,0.00,0.00,0.21,0.00,0.21))
("posture",(999.89,0.00,0.00,0.21,0.00,0.21))
