('postrure',(-0.000166,0.002412,0.000018,0.000000,0.000000,0.000000))
('postrure',(-0.000012,0.000181,0.000001,0.000000,0.000000,0.000000))
('postrure',(0.057730,0.054832,-0.000015,0.000000,0.000000,0.000000))
('postrure',(0.057816,0.053817,-0.000022,0.000000,0.000000,0.000000))
('postrure',(-0.000135,0.001965,0.000015,0.000000,0.000000,0.000000))
('postrure',(0.000011,-0.000167,-0.000001,0.000000,0.000000,0.000000))
('postrure',(0.000061,-0.000896,-0.000007,0.000000,0.000000,0.000000))
('postrure',(0.000037,-0.000543,-0.000004,0.000000,0.000000,0.000000))
('postrure',(-0.000029,0.000418,0.000003,0.000000,0.000000,0.000000))
('postrure',(0.000050,-0.000740,-0.000005,0.000000,0.000000,0.000000))
('postrure',(0.000026,-0.000381,-0.000003,0.000000,0.000000,0.000000))
('postrure',(0.000029,-0.000435,-0.000003,0.000000,0.000000,0.000000))
('postrure',(0.000092,-0.001356,-0.000010,0.000000,0.000000,0.000000))
('postrure',(0.000055,-0.000816,-0.000006,0.000000,0.000000,0.000000))
('postrure',(0.000112,-0.001646,-0.000012,0.000000,0.000000,0.000000))
('postrure',(0.000152,-0.002229,-0.000016,0.000000,0.000000,0.000000))
('postrure',(0.000146,-0.002143,-0.000016,0.000000,0.000000,0.000000))
('postrure',(0.000179,-0.002621,-0.000019,0.000000,0.000000,0.000000))
('postrure',(0.000199,-0.002921,-0.000022,0.000000,0.000000,0.000000))
('postrure',(0.000294,-0.004297,-0.000032,0.000000,0.000000,0.000000))
('postrure',(0.028529,-0.034528,-0.000042,0.000000,0.000000,0.000000))
('postrure',(0.000242,-0.003539,-0.000026,0.000000,0.000000,0.000000))
('postrure',(0.000300,-0.004391,-0.000032,0.000000,0.000000,0.000000))
('postrure',(0.000324,-0.004733,-0.000035,0.000000,0.000000,0.000000))
('postrure',(0.000326,-0.004762,-0.000035,0.000000,0.000000,0.000000))
('postrure',(0.000339,-0.004957,-0.000037,0.000000,0.000000,0.000000))
('postrure',(0.000355,-0.005187,-0.000038,0.000000,0.000000,0.000000))
('postrure',(0.000315,-0.004602,-0.000034,0.000000,0.000000,0.000000))
('postrure',(0.000345,-0.005041,-0.000037,0.000000,0.000000,0.000000))
('postrure',(0.000414,-0.006053,-0.000045,0.000000,0.000000,0.000000))
('postrure',(0.000455,-0.006645,-0.000049,0.000000,0.000000,0.000000))
('postrure',(0.000420,-0.006138,-0.000045,0.000000,0.000000,0.000000))
('postrure',(0.000445,-0.006509,-0.000048,0.000000,0.000000,0.000000))
('postrure',(0.000426,-0.006228,-0.000046,0.000000,0.000000,0.000000))
('postrure',(0.000481,-0.007028,-0.000052,0.000000,0.000000,0.000000))
('postrure',(0.000556,-0.008125,-0.000060,0.000000,0.000000,0.000000))
('postrure',(0.000631,-0.009229,-0.000068,0.000000,0.000000,0.000000))
('postrure',(0.000662,-0.009682,-0.000072,0.000000,0.000000,0.000000))
('postrure',(0.000720,-0.010520,-0.000078,0.000000,0.000000,0.000000))
('postrure',(0.000701,-0.010248,-0.000076,0.000000,0.000000,0.000000))
('postrure',(0.000768,-0.011253,-0.000083,0.000000,0.000000,0.000000))
('postrure',(0.000798,-0.011660,-0.000086,0.000000,0.000000,0.000000))
('postrure',(0.000742,-0.010842,-0.000080,0.000000,0.000000,0.000000))
('postrure',(0.000767,-0.011211,-0.000083,0.000000,0.000000,0.000000))
('postrure',(0.000827,-0.012092,-0.000089,0.000000,0.000000,0.000000))
('postrure',(0.000830,-0.012136,-0.000090,0.000000,0.000000,0.000000))
('postrure',(0.000835,-0.012207,-0.000090,0.000000,0.000000,0.000000))
('postrure',(0.000937,-0.013693,-0.000101,0.000000,0.000000,0.000000))
('postrure',(0.000998,-0.014595,-0.000108,0.000000,0.000000,0.000000))
('postrure',(0.001006,-0.014708,-0.000109,0.000000,0.000000,0.000000))
('postrure',(0.001058,-0.015466,-0.000114,0.000000,0.000000,0.000000))
('postrure',(0.001003,-0.014664,-0.000108,0.000000,0.000000,0.000000))
('postrure',(0.000981,-0.014347,-0.000106,0.000000,0.000000,0.000000))
('postrure',(0.001038,-0.015176,-0.000112,0.000000,0.000000,0.000000))
('postrure',(0.001045,-0.015273,-0.000113,0.000000,0.000000,0.000000))
('postrure',(0.001065,-0.015572,-0.000115,0.000000,0.000000,0.000000))
('postrure',(0.001126,-0.016470,-0.000122,0.000000,0.000000,0.000000))
('postrure',(0.001147,-0.016773,-0.000124,0.000000,0.000000,0.000000))
('postrure',(0.001162,-0.016990,-0.000126,0.000000,0.000000,0.000000))
('postrure',(0.001265,-0.018494,-0.000137,0.000000,0.000000,0.000000))
('postrure',(0.001272,-0.018596,-0.000137,0.000000,0.000000,0.000000))
('postrure',(0.001310,-0.019156,-0.000142,0.000000,0.000000,0.000000))
('postrure',(0.001376,-0.020124,-0.000149,0.000000,0.000000,0.000000))
('state',(-0.600000,1000000.000000,0.000000,8.000000,1000000.000000,0.000000))
('state',(-0.600000,1000000.000000,0.000000,8.000000,1000000.000000,0.000000))
('postrure',(-693.999717,462.129853,-0.000018,-179.266879,0.000000,179.266879))
('postrure',(-701.137782,462.587046,-0.003034,-626.568996,0.000000,626.568996))
('postrure',(-727.730601,465.061542,-0.012238,-1065.659892,-0.000000,1065.659892))
('postrure',(-773.175659,471.965966,-0.024532,-1484.424361,0.000000,1484.424361))
('postrure',(-836.083524,483.699430,-0.037142,-1555.772891,0.000000,1555.772891))
('postrure',(-910.910329,497.303993,-0.050980,-1557.459238,-0.000000,1557.459238))
('postrure',(-1000.282373,515.105777,-0.054149,-1558.031385,-0.000000,1558.031385))
('postrure',(-1096.587880,539.350004,-0.046693,-1557.908922,0.000000,1557.908922))
('postrure',(-1200.639992,564.693170,-0.033434,-1557.335119,-0.000000,1557.335119))
('postrure',(-1311.300675,587.434720,-0.016874,-1556.413664,-0.000000,1556.413664))
('postrure',(-1424.783300,606.971565,-0.004627,-1555.506982,-0.000000,1555.506982))
('postrure',(-1542.462328,623.126720,0.004207,-1554.930706,0.000000,1554.930706))
('postrure',(-1662.306211,638.978268,0.008107,-1554.873649,-0.000000,1554.873649))
('postrure',(-1780.356778,648.841434,0.006519,-1555.172159,0.000000,1555.172159))
('postrure',(-1904.820351,660.355563,0.003308,-1555.768568,-0.000000,1555.768568))
('postrure',(-2027.999153,669.209911,0.000522,-1556.068233,0.000000,1556.068233))
('postrure',(-2152.317802,679.614549,0.000342,-1556.272166,0.000000,1556.272166))
('postrure',(-2275.196314,688.507625,-0.000225,-1556.371068,0.000000,1556.371068))
('postrure',(-2400.500673,697.884439,0.000448,-1556.376758,-0.000000,1556.376758))
('postrure',(-2526.062119,706.774573,0.002288,-1556.252962,-0.000000,1556.252962))
('postrure',(-2651.420624,715.176407,0.002571,-1556.242295,-0.000000,1556.242295))
('postrure',(-2775.821326,722.756025,0.000774,-1438.834942,0.000000,1438.834942))
('postrure',(-2898.598123,729.057500,0.001104,-1113.006705,-0.000000,1113.006705))
('postrure',(-3012.303905,733.932455,0.000938,-841.234485,-0.000000,841.234485))
('postrure',(-3110.117244,734.888561,-0.003279,-618.221429,0.000000,618.221429))
('postrure',(-3189.732661,731.577787,-0.009707,-421.173299,-0.000000,421.173299))
('postrure',(-3253.938759,720.060086,-0.018439,-267.038353,0.000000,267.038353))
('postrure',(-3297.083314,708.116120,-0.028505,-165.568368,0.000000,165.568368))
('postrure',(-3324.424810,704.862695,-0.026420,-100.973806,0.000000,100.973806))
('postrure',(-3341.737429,709.617834,-0.014422,-54.809096,-0.000000,54.809096))
('postrure',(-3347.380567,717.697312,-0.006421,-38.868716,0.000000,38.868716))
('postrure',(-3347.531943,728.788663,-0.000791,-38.014582,0.000000,38.014582))
('postrure',(-3349.876495,737.011168,-0.000646,-32.564829,-0.000000,32.564829))
('postrure',(-3352.565368,741.975938,0.000375,-26.576998,0.000000,26.576998))
('postrure',(-3354.267757,744('state',(-0.600000,1000000.000000,0.000000,8.000000,1000000.000000,0.000000))
00000,0.000000,8.000000,1000000.000000,0.000000))
('postrure',(-3357.813926,751.678046,0.000756,48.326218,-0.000000,48.326218))
('postrure',(-3363.499834,773.158098,-0.001962,168.910841,0.000000,168.910841))
('postrure',(-3370.272976,812.673555,-0.004827,143.245323,0.000000,143.245323))
('postrure',(-3376.993246,866.207364,-0.002468,76.135616,0.000000,76.135616))
('postrure',(-3378.852466,928.356607,-0.000029,-200.653801,0.000000,200.653801))
('postrure',(-3389.267232,993.680883,-0.007211,-485.919129,0.000000,485.919129))
('postrure',(-3411.126247,1052.145947,-0.026444,-360.002400,-0.000000,360.002400))
('postrure',(-3439.105461,1106.866956,-0.061917,-127.813492,0.000000,127.813492))
('postrure',(-3458.683085,1164.821781,-0.087890,55.773950,0.000000,55.773950))
('postrure',(-3462.718408,1222.767782,-0.100490,125.862118,0.000000,125.862118))
('state',(-0.600000,1000000.000000,0.000000,8.000000,1000000.000000,0.000000))
('postrure',(-3453.475573,1288.710638,-0.096454,109.949219,-0.000000,109.949219))
('postrure',(-3442.549927,1351.689174,-0.089476,76.756663,-0.000000,76.756663))
('postrure',(-3429.387712,1418.575826,-0.088792,27.484215,0.000000,27.484215))
('postrure',(-3420.476449,1484.132254,-0.090347,4.528317,0.000000,4.528317))
('postrure',(-3415.475598,1551.528274,-0.091757,18.195385,0.000000,18.195385))
('postrure',(-3409.295743,1621.270296,-0.091126,42.490115,0.000000,42.490115))
('postrure',(-3400.086571,1686.466469,-0.101758,49.150402,0.000000,49.150402))
('postrure',(-3390.250674,1750.710023,-0.120503,55.354149,0.000000,55.354149))
('postrure',(-3378.877167,1812.506079,-0.145189,54.736558,-0.000000,54.736558))
('postrure',(-3364.898756,1874.985853,-0.169353,43.684518,0.000000,43.684518))
('postrure',(-3350.838096,1938.293674,-0.193482,50.013350,0.000000,50.013350))
('postrure',(-3336.120754,2001.902974,-0.216218,59.886824,0.000000,59.886824))
('postrure',(-3317.762280,2065.871648,-0.237916,55.891994,0.000000,55.891994))
('postrure',(-3298.864945,2127.564442,-0.261440,53.436738,-0.000000,53.436738))
('postrure',(-3278.060146,2190.447034,-0.283037,50.607291,0.000000,50.607291))
('postrure',(-3257.027784,2253.908125,-0.304307,59.101514,0.000000,59.101514))
('postrure',(-3232.891404,2317.959695,-0.327279,55.898698,-0.000000,55.898698))
('postrure',(-3208.968381,2376.885183,-0.348276,51.531764,0.000000,51.531764))
('postrure',(-3182.044196,2441.796797,-0.369360,54.208315,0.000000,54.208315))
('postrure',(-3154.816672,2503.833725,-0.389450,60.388008,-0.000000,60.388008))
('state',(-0.600000,1000000.000000,0.000000,8.000000,1000000.000000,0.000000))
('postrure',(-3123.935020,2568.837259,-0.410116,56.959875,-0.000000,56.959875))
('postrure',(-3091.908515,2635.732030,-0.426747,78.245501,-0.000000,78.245501))
('postrure',(-3054.903388,2717.472786,-0.433148,167.821381,0.000000,167.821381))
('postrure',(-3015.813035,2814.376515,-0.433749,311.703331,-0.000000,311.703331))
('postrure',(-2968.955750,2918.609498,-0.446990,435.555327,0.000000,435.555327))
('postrure',(-2916.172139,3019.251044,-0.476973,486.852781,0.000000,486.852781))
('postrure',(-2856.138524,3117.593686,-0.514945,485.284868,-0.000000,485.284868))
('state',(-0.600000,1000000.000000,0.000000,8.000000,1000000.000000,0.000000))
('postrure',(-2792.078861,3210.918582,-0.555052,447.822330,-0.000000,447.822330))
('postrure',(-2719.434687,3299.467248,-0.585045,333.646432,0.000000,333.646432))
('postrure',(-2643.928179,3372.282392,-0.603266,185.817335,-0.000000,185.817335))
('postrure',(-2571.642020,3442.337059,-0.618565,48.257516,0.000000,48.257516))
('postrure',(-2508.850450,3516.415624,-0.628042,8.224537,-0.000000,8.224537))
('postrure',(-2448.475099,3594.787716,-0.635635,16.174441,0.000000,16.174441))
('postrure',(-2391.129216,3676.420728,-0.645227,57.273645,-0.000000,57.273645))
('postrure',(-2328.286578,3757.990080,-0.655796,66.615339,0.000000,66.615339))
('postrure',(-2267.137793,3838.299611,-0.662228,89.100661,0.000000,89.100661))
('postrure',(-2199.684390,3918.610702,-0.667419,71.811815,-0.000000,71.811815))
('postrure',(-2132.839467,4000.123519,-0.670545,66.890720,0.000000,66.890720))
('postrure',(-2063.427438,4079.694349,-0.671438,40.874024,-0.000000,40.874024))
('postrure',(-1998.536336,4160.552783,-0.671941,43.221315,0.000000,43.221315))
('state',(-0.600000,1000000.000000,0.000000,8.000000,1000000.000000,0.000000))
('postrure',(-1922.694009,4252.949512,-0.670708,33.600975,-0.000000,33.600975))
('postrure',(-1854.544755,4338.479981,-0.667470,34.431472,-0.000000,34.431472))
('postrure',(-1778.275882,4435.729067,-0.659963,38.989041,0.000000,38.989041))
('postrure',(-1699.580297,4542.881105,-0.645727,66.990619,0.000000,66.990619))
('postrure',(-1612.735267,4662.074939,-0.629888,83.604012,0.000000,83.604012))
('postrure',(-1525.137776,4786.915050,-0.616889,87.180855,0.000000,87.180855))
('postrure',(-1435.576148,4915.674325,-0.600992,65.630139,-0.000000,65.630139))
('postrure',(-1345.659047,5043.087118,-0.582167,-0.950295,0.000000,0.950295))
('state',(-0.600000,1000000.000000,0.000000,8.000000,1000000.000000,0.000000))
('postrure',(-1248.136472,5190.962469,-0.557282,-78.215097,0.000000,78.215097))
('postrure',(-1168.898954,5324.925072,-0.529270,-132.870668,-0.000000,132.870668))
('postrure',(-1097.911659,5461.874254,-0.493147,-159.423191,0.000000,159.423191))
('postrure',(-1036.250344,5596.107834,-0.454796,-176.546450,0.000000,176.546450))
('postrure',(-983.633721,5736.297831,-0.411991,-159.531453,0.000000,159.531453))
('postrure',(-937.821424,5876.186296,-0.366582,-139.962833,-0.000000,139.962833))
('postrure',(-898.878689,6017.016762,-0.321578,-123.873487,0.000000,123.873487))
('postrure',(-865.200313,6158.417021,-0.277176,-117.346257,-0.000000,117.346257))
('postrure',(-837.187670,6304.166963,-0.231878,-101.503950,0.000000,101.503950))
('postrure',(-813.323771,6450.521193,-0.185506,-102.043157,-0.000000,102.043157))
('postrure',(-796.678405,6598.284015,-0.145066,-84.047937,0.000000,84.047937))
('state',(-0.600000,1000000.000000,0.000000,8.000000,1000000.000000,0.000000))
('postrure',(-783.801523,6742.562619,-0.108808,-80.320286,0.000000,80.320286))
('postrure',(-776.121640,6893('state',(-0.600000,1000000.000000,0.000000,8.000000,1000000.000000,0.000000))
('state',(-0.600000,1000000.000000,0.000000,8.000000,1000000.000000,0.000000))
00000,0.000000,8.000000,1000000.000000,0.000000))
('postrure',(-772.085487,7068.066332,-0.037324,-46.481549,0.000000,46.481549))
('postrure',(-768.573637,7210.455052,-0.002129,-9.300123,0.000000,9.300123))
('postrure',(-763.032946,7331.950242,0.027808,5.197479,-0.000000,5.197479))
('postrure',(-750.401407,7429.689936,0.045613,-22.917541,0.000000,22.917541))
('postrure',(-735.520194,7503.586710,0.050484,-64.523470,0.000000,64.523470))
('postrure',(-718.581747,7558.244600,0.045458,-115.390258,0.000000,115.390258))
('postrure',(-702.523665,7593.649891,0.029209,-166.516632,0.000000,166.516632))
('postrure',(-691.800064,7615.284875,0.012278,-194.039025,-0.000000,194.039025))
('postrure',(-686.776320,7630.921039,0.005118,-205.013803,0.000000,205.013803))
('postrure',(-691.543006,7636.466749,0.002396,-191.366112,-0.000000,191.366112))
('postrure',(-702.583432,7633.648504,0.001583,-159.725785,0.000000,159.725785))
('postrure',(-714.151844,7627.726286,0.002162,-130.789719,0.000000,130.789719))
('postrure',(-724.114946,7621.795375,0.001918,-108.139995,-0.000000,108.139995))
('postrure',(-731.866686,7618.295608,0.002203,-90.211009,-0.000000,90.211009))
('postrure',(-737.195682,7615.987215,0.000325,-76.088653,-0.000000,76.088653))
('postrure',(-742.404631,7614.220964,0.000966,-63.078356,0.000000,63.078356))
('postrure',(-746.694867,7612.612691,0.001142,-53.447421,0.000000,53.447421))
('postrure',(-749.808830,7611.629326,0.001132,0.000000,0.000000,0.000000))
('postrure',(-750.704497,7611.523628,0.002214,0.000000,0.000000,0.000000))
('postrure',(-749.984968,7611.638231,0.001609,0.000000,0.000000,0.000000))
('postrure',(-749.783246,7611.635185,0.001384,0.000000,0.000000,0.000000))
('postrure',(-749.838839,7611.550534,0.001179,0.000000,0.000000,0.000000))
('postrure',(-749.782032,7611.617960,0.001257,0.000000,0.000000,0.000000))
('postrure',(-749.753715,7611.587160,0.001242,0.000000,0.000000,0.000000))
('postrure',(-749.754002,7611.591273,0.001272,0.000000,0.000000,0.000000))
('postrure',(-749.753735,7611.587441,0.001244,0.000000,0.000000,0.000000))
('state',(-0.600000,1000000.000000,0.000000,8.000000,1000000.000000,0.000000))
('postrure',(-749.753229,7611.580188,0.001190,-11.100557,0.000000,11.100557))
('postrure',(-750.603092,7623.031705,0.006499,-43.876832,-0.000000,43.876832))
('postrure',(-751.507840,7656.536420,0.019836,-64.957891,-0.000000,64.957891))
('postrure',(-757.582081,7712.348180,0.032158,-55.315751,0.000000,55.315751))
('postrure',(-761.874168,7791.862821,0.047967,11.539219,-0.000000,11.539219))
('postrure',(-769.060673,7885.666919,0.041364,83.414516,0.000000,83.414516))
('postrure',(-778.759738,7991.373326,0.029858,140.718469,-0.000000,140.718469))
('postrure',(-786.858559,8113.079056,0.011888,167.435040,0.000000,167.435040))
('postrure',(-797.422920,8245.466837,-0.008280,214.384384,0.000000,214.384384))
('postrure',(-802.471120,8391.619726,-0.012788,242.084760,0.000000,242.084760))
('postrure',(-803.785563,8539.498378,-0.008828,262.807017,-0.000000,262.807017))
('postrure',(-802.239512,8695.497021,0.002027,275.717685,0.000000,275.717685))
('postrure',(-798.148390,8857.143895,0.008562,252.137032,0.000000,252.137032))
('postrure',(-792.674862,9016.972266,0.009180,211.177339,0.000000,211.177339))
('postrure',(-786.325997,9173.708837,0.007659,156.187027,0.000000,156.187027))
('postrure',(-783.335172,9338.702654,0.006975,133.260899,0.000000,133.260899))
('postrure',(-777.094963,9507.502486,0.009439,88.282668,0.000000,88.282668))
('postrure',(-774.963685,9676.003501,0.008635,67.652803,0.000000,67.652803))
('postrure',(-775.461566,9844.627386,0.010453,74.949374,0.000000,74.949374))
('postrure',(-774.202128,10016.956769,0.010235,-104.255972,0.000000,104.255972))
('postrure',(-778.613616,10187.334947,0.006414,-507.712319,-0.000000,507.712319))
('postrure',(-793.985336,10347.888632,-0.001261,-872.593834,0.000000,872.593834))
('postrure',(-825.951078,10509.869780,-0.009712,-1160.428055,0.000000,1160.428055))
('postrure',(-872.439210,10666.563104,-0.021343,-1337.014478,-0.000000,1337.014478))
('postrure',(-931.709224,10822.883369,-0.018548,-1456.768995,0.000000,1456.768995))
('postrure',(-1001.412102,10975.658383,-0.017426,-1534.580560,-0.000000,1534.580560))
('postrure',(-1079.308447,11125.264137,-0.004943,-1567.736917,0.000000,1567.736917))
('postrure',(-1169.603219,1('state',(-0.600000,1000000.000000,0.000000,8.000000,1000000.000000,0.000000))
.000000,0.000000,8.000000,1000000.000000,0.000000))
('postrure',(-1278.315974,11440.040563,0.031078,-1555.854505,-0.000000,1555.854505))
('postrure',(-1381.329861,11580.081521,0.039311,-1500.534032,0.000000,1500.534032))
('postrure',(-1494.370916,11714.040586,0.038126,-1420.528341,0.000000,1420.528341))
('postrure',(-1603.156409,11845.724604,0.029909,-1345.162513,-0.000000,1345.162513))
('postrure',(-1721.619864,11983.344787,0.020698,-1276.034508,0.000000,1276.034508))
('postrure',(-1836.950756,12119.383160,0.014052,-1243.356002,-0.000000,1243.356002))
('postrure',(-1948.298690,12251.881122,0.009733,-1256.004582,0.000000,1256.004582))
('postrure',(-2061.720452,12385.448182,0.008255,-1321.158842,0.000000,1321.158842))
('postrure',(-2173.792459,12511.942935,0.011153,-1424.526024,-0.000000,1424.526024))
('postrure',(-2283.092513,12631.420525,0.014305,-1570.147510,-0.000000,1570.147510))
('postrure',(-2401.118166,12751.163878,0.018705,-1729.792728,-0.000000,1729.792728))
('postrure',(-2513.622155,12858.596621,0.023502,-1892.584027,-0.000000,1892.584027))
('postrure',(-2631.644812,12960.408063,0.027789,-2044.427056,0.000000,2044.427056))
('postrure',(-2749.280937,13051.350965,0.027934,-2173.161438,-0.000000,2173.161438))
('postrure',(-2868.417900,13134.065401,0.029642,-2286.028125,-0.000000,2286.028125))
('postrure',(-2984.334492,13203.278263,0.028552,-2355.029672,-0.000000,2355.029672))
('postrure',(-3102.265613,13267.214010,0.028515,-2419.072477,0.000000,2419.072477))
('postrure',(-3222.035322,13318.472522,0.028740,-2448.658521,-0.000000,2448.658521))
('postrure',(-3344.290364,13358.677485,0.025967,-2453.629724,-0.000000,2453.629724))
('postrure',(-3464.979006,13391.046875,0.024861,-2443.433049,0.000000,2443.433049))
('postrure',(-3589.782412,13415.344884,0.022151,-2422.826572,0.000000,2422.826572))
('postrure',(-3720.789972,13435.435754,0.018934,-2395.679940,0.000000,2395.679940))
('postrure',(-3856.823823,13449.801717,0.018452,-2368.144678,0.000000,2368.144678))
('postrure',(-3994.355576,13460.247735,0.019520,-2334.657415,-0.000000,2334.657415))
('postrure',(-4144.256396,13467.084132,0.014348,-2299.936156,-0.000000,2299.936156))
('postrure',(-4298.775365,13474.927247,0.010831,-2274.181649,0.000000,2274.181649))
('state',(-0.600000,1000000.000000,0.000000,8.000000,1000000.000000,0.000000))
('state',(-0.600000,1000000.000000,0.000000,8.000000,1000000.000000,0.000000))
('postrure',(-4494.431630,13484.636307,0.006155,-2181.265114,0.000000,2181.265114))
('postrure',(-4658.940394,13496.300103,0.001156,-1798.232521,0.000000,1798.232521))
('postrure',(-4820.045512,13510.526927,0.002492,-1398.629268,0.000000,1398.629268))
('postrure',(-4972.244800,13519.557295,-0.003902,-988.775355,-0.000000,988.775355))
('postrure',(-5106.396310,13518.098526,-0.014046,-578.476464,0.000000,578.476464))
('postrure',(-5214.399069,13508.683490,-0.028938,-177.906841,0.000000,177.906841))
('postrure',(-5297.793111,13484.702037,-0.050627,159.634986,0.000000,159.634986))
('postrure',(-5353.204174,13450.245225,-0.073277,293.295104,-0.000000,293.295104))
('postrure',(-5390.435994,13418.277741,-0.086754,344.117038,0.000000,344.117038))
('postrure',(-5413.428766,13397.554576,-0.061104,382.545755,0.000000,382.545755))
('postrure',(-5427.391816,13381.166439,-0.024211,411.846476,0.000000,411.846476))
('postrure',(-5427.780577,13370.810461,0.007608,418.796210,0.000000,418.796210))
('postrure',(-5423.600075,13364.465323,0.009015,412.283437,0.000000,412.283437))
('postrure',(-5413.623665,13360.539078,-0.002248,392.551324,0.000000,392.551324))
('postrure',(-5397.253036,13364.687353,-0.016494,362.033904,-0.000000,362.033904))
('postrure',(-5378.127921,13378.272939,-0.015374,332.000398,0.000000,332.000398))
('postrure',(-5354.089104,13399.096509,-0.003732,297.612903,-0.000000,297.612903))
('postrure',(-5331.284213,13417.375223,0.002259,262.454772,0.000000,262.454772))
('postrure',(-5309.836709,13432.387706,-0.001149,228.297242,0.000000,228.297242))
('postrure',(-5290.801571,13446.559092,-0.001357,197.919143,0.000000,197.919143))
('postrure',(-5274.379247,13457.630196,-0.000582,172.138995,-0.000000,172.138995))
('postrure',(-5261.082859,13466.413860,0.000788,151.350990,-0.000000,151.350990))
('postrure',(-5249.623601,13474.019772,-0.000106,133.480204,0.000000,133.480204))
('postrure',(-5239.257132,13480.958138,-0.000468,117.653838,-0.000000,117.653838))
('postrure',(-5230.170477,13486.355431,-0.000043,103.845096,-0.000000,103.845096))
('postrure',(-5222.384075,13490.152829,0.000110,91.622127,0.000000,91.622127))
('postrure',(-5215.215229,13494.251303,-0.000077,81.282824,-0.000000,81.282824))
('postrure',(-5209.517711,13496.996764,0.000013,0.000000,0.000000,0.000000))
('postrure',(-5205.538192,13497.885648,-0.001020,0.000000,0.000000,0.000000))
('postrure',(-5206.807376,13497.328020,-0.000140,0.000000,0.000000,0.000000))
('postrure',(-5207.125060,13496.825394,-0.000278,0.000000,0.000000,0.000000))
('postrure',(-5207.098529,13496.954075,0.000041,0.000000,0.000000,0.000000))
('postrure',(-5207.070606,13496.928450,0.000064,0.000000,0.000000,0.000000))
('postrure',(-5207.124245,13496.947617,-0.000220,0.000000,0.000000,0.000000))
('postrure',(-5207.039733,13496.993842,-0.000085,0.000000,0.000000,0.000000))
('postrure',(-5207.097306,13496.936411,-0.000090,0.000000,0.000000,0.000000))
('postrure',(-5207.097551,13496.939991,-0.000063,0.000000,0.000000,0.000000))
('postrure',(-5207.096761,13496.928455,-0.000149,0.000000,0.000000,0.000000))
('postrure',(-5207.096722,13496.927691,-0.000154,0.000000,0.000000,0.000000))
('postrure',(-5207.069600,13496.913932,-0.000043,0.000000,0.000000,0.000000))
('postrure',(-5207.096984,13496.931720,-0.000125,0.000000,0.000000,0.000000))
('postrure',(-5207.096759,13496.928437,-0.000149,0.000000,0.000000,0.000000))
('postrure',(-5207.096842,13496.929641,-0.000140,0.000000,0.000000,0.000000))
('postrure',(-5207.097114,13496.933629,-0.000111,0.000000,0.000000,0.000000))
('postrure',(-5207.097221,13496.935185,-0.000099,0.000000,0.000000,0.000000))
('postrure',(-5207.096498,13496.924605,-0.000177,0.000000,0.000000,0.000000))
('postrure',(-5207.096824,13496.929382,-0.000142,0.000000,0.000000,0.000000))
('postrure',(-5207.097151,13496.934159,-0.000107,0.000000,0.000000,0.000000))
('postrure',(-5207.096867,13496.930015,-0.000137,0.000000,0.000000,0.000000))
('postrure',(-5207.096669,13496.927113,-0.000159,0.000000,0.000000,0.000000))
('postrure',(-5207.096626,13496.926476,-0.000163,0.000000,0.000000,0.000000))
('postrure',(-5207.097000,13496.931961,-0.000124,0.000000,0.000000,0.000000))
('postrure',(-5207.096806,13496.929124,-0.000144,0.000000,0.000000,0.000000))
('postrure',(-5207.096450,13496.923902,-0.000182,0.000000,0.000000,0.000000))
('postrure',(-5207.096718,13496.927831,-0.000153,0.000000,0.000000,0.000000))
('postrure',(-5207.096778,13496.928709,-0.000145,0.000000,0.000000,0.000000))
('postrure',(-5207.096613,13496.926294,-0.000165,0.000000,0.000000,0.000000))
('postrure',(-5207.096404,13496.923234,-0.000187,0.000000,0.000000,0.000000))
('postrure',(-5207.096556,13496.925451,-0.000171,0.000000,0.000000,0.000000))
('postrure',(-5207.096745,13496.928229,-0.000150,0.000000,0.000000,0.000000))
('postrure',(-5207.096447,13496.923864,-0.000183,0.000000,0.000000,0.000000))
('postrure',(-5207.096260,13496.921122,-0.000203,0.000000,0.000000,0.000000))
('postrure',(-5207.096386,13496.922969,-0.000189,0.000000,0.000000,0.000000))
('postrure',(-5207.096601,13496.926114,-0.000166,0.000000,0.000000,0.000000))
('postrure',(-5207.096408,13496.923291,-0.000187,0.000000,0.000000,0.000000))
('postrure',(-5207.096187,13496.920048,-0.000211,0.000000,0.000000,0.000000))
('postrure',(-5207.096349,13496.922419,-0.000193,0.000000,0.000000,0.000000))
('postrure',(-5207.096442,13496.923786,-0.000183,0.000000,0.000000,0.000000))
('postrure',(-5207.010328,13496.946540,-0.000222,0.000000,0.000000,0.000000))
('postrure',(-5206.982321,13496.919573,-0.000208,0.000000,0.000000,0.000000))
('postrure',(-5206.982327,13496.919661,-0.000207,0.000000,0.000000,0.000000))
('postrure',(-5206.924683,13496.976189,-0.000209,0.000000,0.000000,0.000000))
('postrure',(-5207.038915,13496.847897,-0.000318,0.000000,0.000000,0.000000))
('postrure',(-5206.981642,13496.909882,-0.000280,0.000000,0.000000,0.000000))
('postrure',(-5207.039609,13496.858058,-0.000243,0.000000,0.000000,0.000000))
('postrure',(-5207.039284,13496.853279,-0.000278,0.000000,0.000000,0.000000))
('postrure',(-5207.039281,13496.853236,-0.000279,0.000000,0.000000,0.000000))
('postrure',(-5207.067346,13496.881078,-0.000286,0.000000,0.000000,0.000000))
('postrure',(-5207.067309,13496.880540,-0.000290,0.000000,0.000000,0.000000))
('postrure',(-5207.067772,13496.887324,-0.000240,0.000000,0.000000,0.000000))
('postrure',(-5207.067601,13496.884817,-0.000258,0.000000,0.000000,0.000000))
('postrure',(-5207.095410,13496.908923,-0.000293,0.000000,0.000000,0.000000))
('postrure',(-5207.067505,13496.883433,-0.000269,0.000000,0.000000,0.000000))
('postrure',(-5207.067415,13496.882108,-0.000278,0.000000,0.000000,0.000000))
('postrure',(-5207.067435,13496.882402,-0.000276,0.000000,0.000000,0.000000))
('postrure',(-5207.095406,13496.908873,-0.000294,0.000000,0.000000,0.000000))
('postrure',(-5207.095533,13496.910738,-0.000280,0.000000,0.000000,0.000000))
('postrure',(-5207.067577,13496.884507,-0.000261,0.000000,0.000000,0.000000))
('postrure',(-5207.095421,13496.909110,-0.000292,0.000000,0.000000,0.000000))
('postrure',(-5207.095530,13496.910710,-0.000280,0.000000,0.000000,0.000000))
('postrure',(-5207.095646,13496.912407,-0.000267,0.000000,0.000000,0.000000))
('postrure',(-5207.067385,13496.881699,-0.000281,0.000000,0.000000,0.000000))
('postrure',(-5207.067327,13496.880843,-0.000288,0.000000,0.000000,0.000000))
('postrure',(-5207.095275,13496.906988,-0.000307,0.000000,0.000000,0.000000))
('postrure',(-5207.095432,13496.909278,-0.000291,0.000000,0.000000,0.000000))
('postrure',(-5207.067247,13496.879677,-0.000296,0.000000,0.000000,0.000000))
('postrure',(-5207.095235,13496.906404,-0.000312,0.000000,0.000000,0.000000))
('postrure',(-5207.095282,13496.907088,-0.000307,0.000000,0.000000,0.000000))
('postrure',(-5207.095260,13496.906771,-0.000309,0.000000,0.000000,0.000000))
('postrure',(-5207.095324,13496.907713,-0.000302,0.000000,0.000000,0.000000))
('postrure',(-5207.095080,13496.904126,-0.000329,0.000000,0.000000,0.000000))
('postrure',(-5207.095002,13496.902977,-0.000337,0.000000,0.000000,0.000000))
('postrure',(-5207.095117,13496.904675,-0.000325,0.000000,0.000000,0.000000))
('postrure',(-5207.095051,13496.903695,-0.000332,0.000000,0.000000,0.000000))
('postrure',(-5207.094955,13496.902294,-0.000342,0.000000,0.000000,0.000000))
('postrure',(-5207.094901,13496.901504,-0.000348,0.000000,0.000000,0.000000))
('postrure',(-5207.094965,13496.902442,-0.000341,0.000000,0.000000,0.000000))
('postrure',(-5207.094957,13496.902326,-0.000342,0.000000,0.000000,0.000000))
('postrure',(-5207.094659,13496.897957,-0.000374,0.000000,0.000000,0.000000))
('postrure',(-5207.066491,13496.868572,-0.000378,0.000000,0.000000,0.000000))
('postrure',(-5207.095013,13496.903152,-0.000336,0.000000,0.000000,0.000000))
('postrure',(-5207.066682,13496.871378,-0.000358,0.000000,0.000000,0.000000))
('postrure',(-5207.094732,13496.899036,-0.000366,0.000000,0.000000,0.000000))
('postrure',(-5207.066562,13496.869598,-0.000371,0.000000,0.000000,0.000000))
('postrure',(-5207.066567,13496.869675,-0.000370,0.000000,0.000000,0.000000))
('postrure',(-5207.066638,13496.870727,-0.000362,0.000000,0.000000,0.000000))
('postrure',(-5207.094629,13496.897522,-0.000378,0.000000,0.000000,0.000000))
('postrure',(-5207.066513,13496.868886,-0.000376,0.000000,0.000000,0.000000))
('postrure',(-5207.066518,13496.868938,-0.000376,0.000000,0.000000,0.000000))
('postrure',(-5207.066315,13496.865980,-0.000398,0.000000,0.000000,0.000000))
('postrure',(-5207.066332,13496.866233,-0.000396,0.000000,0.000000,0.000000))
('postrure',(-5207.066371,13496.866798,-0.000392,0.000000,0.000000,0.000000))
('postrure',(-5207.094709,13496.898695,-0.000369,0.000000,0.000000,0.000000))
('postrure',(-5207.094702,13496.898595,-0.000370,0.000000,0.000000,0.000000))
('postrure',(-5207.094500,13496.895632,-0.000392,0.000000,0.000000,0.000000))
('postrure',(-5207.094592,13496.896972,-0.000382,0.000000,0.000000,0.000000))
('postrure',(-5207.066468,13496.868216,-0.000381,0.000000,0.000000,0.000000))
('postrure',(-5207.066342,13496.866377,-0.000395,0.000000,0.000000,0.000000))
('postrure',(-5207.066299,13496.865737,-0.000399,0.000000,0.000000,0.000000))
('postrure',(-5207.066298,13496.865720,-0.000400,0.000000,0.000000,0.000000))
('postrure',(-5207.066204,13496.864344,-0.000410,0.000000,0.000000,0.000000))
('postrure',(-5207.066017,13496.861600,-0.000430,0.000000,0.000000,0.000000))
('postrure',(-5207.066115,13496.863038,-0.000419,0.000000,0.000000,0.000000))
('postrure',(-5207.066138,13496.863382,-0.000417,0.000000,0.000000,0.000000))
('postrure',(-5207.066115,13496.863040,-0.000419,0.000000,0.000000,0.000000))
('postrure',(-5207.065960,13496.860765,-0.000439,0.000000,0.000000,0.000000))
('postrure',(-5207.065750,13496.857671,-0.000459,0.000000,0.000000,0.000000))
('postrure',(-5207.065839,13496.858977,-0.000449,0.000000,0.000000,0.000000))
('postrure',(-5207.065977,13496.861002,-0.000434,0.000000,0.000000,0.000000))
('postrure',(-5207.065667,13496.856455,-0.000468,0.000000,0.000000,0.000000))
('postrure',(-5207.065620,13496.855760,-0.000473,0.000000,0.000000,0.000000))
('postrure',(-5207.065690,13496.856784,-0.000466,0.000000,0.000000,0.000000))
('postrure',(-5207.065685,13496.856720,-0.000466,0.000000,0.000000,0.000000))
('postrure',(-5207.065672,13496.856522,-0.000468,0.000000,0.000000,0.000000))
('postrure',(-5207.065655,13496.856279,-0.000469,0.000000,0.000000,0.000000))
('postrure',(-5207.065648,13496.856169,-0.000470,0.000000,0.000000,0.000000))
('postrure',(-5207.065617,13496.855711,-0.000474,0.000000,0.000000,0.000000))
('postrure',(-5207.065641,13496.856076,-0.000471,0.000000,0.000000,0.000000))
('postrure',(-5207.065534,13496.854491,-0.000483,0.000000,0.000000,0.000000))
('postrure',(-5207.065556,13496.854820,-0.000480,0.000000,0.000000,0.000000))
('postrure',(-5207.065510,13496.854142,-0.000485,0.000000,0.000000,0.000000))
('postrure',(-5207.065437,13496.853065,-0.000493,0.000000,0.000000,0.000000))
('postrure',(-5207.065455,13496.853327,-0.000491,0.000000,0.000000,0.000000))
('postrure',(-5207.065388,13496.852347,-0.000498,0.000000,0.000000,0.000000))
('postrure',(-5207.065282,13496.850788,-0.000510,0.000000,0.000000,0.000000))
('postrure',(-5207.065253,13496.850361,-0.000513,0.000000,0.000000,0.000000))
