('postrure',(0.000868,-0.012686,-0.000094,0.000000,0.000000,0.000000))
('postrure',(0.000929,-0.013580,-0.000100,0.000000,0.000000,0.000000))
('postrure',(0.000924,-0.013512,-0.000100,0.000000,0.000000,0.000000))
('postrure',(0.000934,-0.013652,-0.000101,0.000000,0.000000,0.000000))
('postrure',(0.000956,-0.013983,-0.000103,0.000000,0.000000,0.000000))
('postrure',(0.001000,-0.014616,-0.000108,0.000000,0.000000,0.000000))
('postrure',(0.001007,-0.014729,-0.000109,0.000000,0.000000,0.000000))
('postrure',(0.001068,-0.015611,-0.000115,0.000000,0.000000,0.000000))
('postrure',(0.001067,-0.015597,-0.000115,0.000000,0.000000,0.000000))
('postrure',(0.001104,-0.016145,-0.000119,0.000000,0.000000,0.000000))
('postrure',(0.001167,-0.017069,-0.000126,0.000000,0.000000,0.000000))
('postrure',(0.001198,-0.017511,-0.000129,0.000000,0.000000,0.000000))
('postrure',(0.001215,-0.017770,-0.000132,0.000000,0.000000,0.000000))
('postrure',(0.001262,-0.018457,-0.000136,0.000000,0.000000,0.000000))
('postrure',(0.001286,-0.018809,-0.000139,0.000000,0.000000,0.000000))
('postrure',(0.001281,-0.018735,-0.000139,0.000000,0.000000,0.000000))
('postrure',(0.001343,-0.019638,-0.000145,0.000000,0.000000,0.000000))
('postrure',(0.001345,-0.019671,-0.000145,0.000000,0.000000,0.000000))
('postrure',(0.001260,-0.018421,-0.000136,0.000000,0.000000,0.000000))
('postrure',(0.001281,-0.018732,-0.000138,0.000000,0.000000,0.000000))
('postrure',(0.001303,-0.019056,-0.000141,0.000000,0.000000,0.000000))
('postrure',(0.001291,-0.018882,-0.000140,0.000000,0.000000,0.000000))
('postrure',(0.001198,-0.017521,-0.000130,0.000000,0.000000,0.000000))
('postrure',(0.001245,-0.018205,-0.000135,0.000000,0.000000,0.000000))
('postrure',(0.001222,-0.017868,-0.000132,0.000000,0.000000,0.000000))
('postrure',(0.001266,-0.018510,-0.000137,0.000000,0.000000,0.000000))
('postrure',(0.001326,-0.019389,-0.000143,0.000000,0.000000,0.000000))
('postrure',(0.001447,-0.021168,-0.000157,0.000000,0.000000,0.000000))
('postrure',(0.001407,-0.020572,-0.000152,0.000000,0.000000,0.000000))
('postrure',(0.001317,-0.019267,-0.000142,0.000000,0.000000,0.000000))
('postrure',(0.001405,-0.020555,-0.000152,0.000000,0.000000,0.000000))
('postrure',(0.001423,-0.020805,-0.000154,0.000000,0.000000,0.000000))
('postrure',(0.001377,-0.020135,-0.000149,0.000000,0.000000,0.000000))
('postrure',(0.001368,-0.020007,-0.000148,0.000000,0.000000,0.000000))
('postrure',(0.001458,-0.021317,-0.000158,0.000000,0.000000,0.000000))
('postrure',(0.001498,-0.021907,-0.000162,0.000000,0.000000,0.000000))
('postrure',(0.001479,-0.021634,-0.000160,0.000000,0.000000,0.000000))
('state',(-0.600000,1000000.000000,0.000000,8.000000,1000000.000000,0.000000))
('state',(-0.600000,1000000.000000,0.000000,8.000000,1000000.000000,0.000000))
('postrure',(-694.764010,462.837724,0.000298,-358.439197,0.000000,358.439197))
('postrure',(-709.542483,465.468034,-0.004503,-805.080670,-0.000000,805.080670))
('postrure',(-742.887488,471.482219,-0.011716,-1243.636793,-0.000000,1243.636793))
('postrure',(-794.761114,477.712391,-0.025193,-1554.304245,0.000000,1554.304245))
('postrure',(-861.555064,489.563543,-0.039250,-1556.151245,-0.000000,1556.151245))
('postrure',(-942.977968,506.061024,-0.050090,-1557.561849,-0.000000,1557.561849))
('postrure',(-1034.619063,526.757220,-0.049220,-1557.914718,0.000000,1557.914718))
('postrure',(-1133.100082,552.238601,-0.039688,-1557.707011,0.000000,1557.707011))
('postrure',(-1239.333338,580.289129,-0.022655,-1556.944397,0.000000,1556.944397))
('postrure',(-1353.370747,603.206440,-0.007661,-1556.035919,-0.000000,1556.035919))
('postrure',(-1467.864252,622.095187,-0.000318,-1555.722281,-0.000000,1555.722281))
('postrure',(-1582.959310,637.648147,0.006494,-1555.421615,-0.000000,1555.421615))
('postrure',(-1703.230416,652.121929,0.007045,-1555.739562,0.000000,1555.739562))
('postrure',(-1825.226346,663.720921,0.005878,-1556.124592,0.000000,1556.124592))
('postrure',(-1949.189539,674.317900,0.003611,-1556.541176,0.000000,1556.541176))
('postrure',(-2070.003550,684.447487,0.003251,-1556.796830,0.000000,1556.796830))
('postrure',(-2194.741623,695.460056,0.004853,-1556.936513,0.000000,1556.936513))
('postrure',(-2319.366865,704.451183,0.004730,-1557.101059,0.000000,1557.101059))
('postrure',(-2445.163576,712.824822,0.004711,-1557.244783,-0.000000,1557.244783))
('postrure',(-2568.065158,720.807853,0.005099,-1557.348747,0.000000,1557.348747))
('postrure',(-2693.307536,727.134706,0.004861,-1557.363209,0.000000,1557.363209))
('postrure',(-2819.771260,732.895055,0.004271,-1311.484371,-0.000000,1311.484371))
('postrure',(-2940.370453,737.959272,0.003578,-1012.423909,-0.000000,1012.423909))
('postrure',(-3048.551098,739.721928,0.000134,-761.830179,0.000000,761.830179))
('postrure',(-3143.164515,736.466496,-0.005392,-531.936462,0.000000,531.936462))
('postrure',(-3218.350943,729.895802,-0.012819,-345.641304,0.000000,345.641304))
('postrure',(-3279.278573,716.503417,-0.019304,-199.287267,0.000000,199.287267))
('postrure',(-3318.540277,705.724774,-0.026176,-115.790445,-0.000000,115.790445))
('postrure',(-3345.358262,701.004205,-0.021369,-48.956376,0.000000,48.956376))
('postrure',(-3360.498313,704.220704,-0.009827,-7.959967,0.000000,7.959967))
('postrure',(-3364.951349,709.503725,-0.002782,4.373483,-0.000000,4.373483))
('postrure',(-3362.918846,719.621996,-0.001663,-0.443629,0.000000,0.443629))
('postrure',(-3363.063142,730.842079,-0.001220,0.001867,-0.000000,0.001867))
('postrure',(-3363.354023,736.959022,-0.001072,0.811357,-0.000000,0.811357))
('postrure',(-3363.211842,740.453377,0.000062,0.454761,-0.000000,0.454761))
('state',(-0.600000,1000000.000000,0.000000,8.000000,1000000.000000,0.000000))
('postrure',(-3363.175906,744.669626,0.000947,-48.239401,-0.000000,48.239401))
('postrure',(-3366.002458,753.574047,0.000009,91.468875,-0.000000,91.468875))
('postrure',(-3371.559032,778.046802,-0.005229,216.322886,0.000000,216.322886))
('postrure',(-3378.421324,820.929620,-0.005107,176.983936,-0.000000,176.983936))
('postrure',(-3385.094653,875.071240,-0.000131,109.750273,0.000000,109.750273))
('postrure',(-3387.590647,935.126121,0.001660,-198.973984,-0.000000,198.973984))
('postrure',(-3396.915237,998.645758,-0.011930,-504.788171,-0.000000,504.788171))
('postrure',(-3417.898493,1060.676906,-0.033104,-311.143998,0.000000,311.143998))
('postrure',(-3442.343105,1118.616280,-0.067819,-96.116365,-0.000000,96.116365))
('postrure',(-3459.629038,1176.173495,-0.089990,70.444977,0.000000,70.444977))
('postrure',(-3462.078474,123('state',(-0.600000,1000000.000000,0.000000,8.000000,1000000.000000,0.000000))
00000,0.000000,8.000000,1000000.000000,0.000000))
('postrure',(-3452.922478,1303.647293,-0.092501,120.055861,-0.000000,120.055861))
('postrure',(-3438.736614,1368.333064,-0.088831,62.628728,-0.000000,62.628728))
('postrure',(-3428.102562,1434.074462,-0.089080,29.175523,0.000000,29.175523))
('postrure',(-3419.434747,1501.640026,-0.090195,11.038559,-0.000000,11.038559))
('postrure',(-3414.798519,1571.739106,-0.091012,29.031950,0.000000,29.031950))
('postrure',(-3407.575184,1641.328706,-0.092006,53.017575,-0.000000,53.017575))
('postrure',(-3399.980692,1705.299465,-0.105247,71.719345,0.000000,71.719345))
('postrure',(-3388.561349,1768.209579,-0.127410,68.319337,-0.000000,68.319337))
('postrure',(-3374.299595,1830.866219,-0.151925,48.063869,-0.000000,48.063869))
('postrure',(-3361.739150,1895.087350,-0.176330,56.434848,0.000000,56.434848))
('postrure',(-3346.675444,1958.106823,-0.199545,56.394839,-0.000000,56.394839))
('postrure',(-3329.163256,2021.548540,-0.222497,48.271081,0.000000,48.271081))
('postrure',(-3311.194105,2085.924450,-0.245941,49.408859,0.000000,49.408859))
('postrure',(-3292.676436,2150.065105,-0.268967,60.594061,0.000000,60.594061))
('postrure',(-3270.715913,2211.440622,-0.289331,47.459405,0.000000,47.459405))
('postrure',(-3248.564363,2275.320558,-0.311087,54.031219,0.000000,54.031219))
('postrure',(-3224.352881,2338.678986,-0.333702,55.389816,0.000000,55.389816))
('postrure',(-3198.241575,2401.506172,-0.354432,49.446764,-0.000000,49.446764))
('postrure',(-3172.375588,2463.026892,-0.375197,52.551233,0.000000,52.551233))
('postrure',(-3144.741333,2524.585153,-0.395409,55.963023,-0.000000,55.963023))
('state',(-0.600000,1000000.000000,0.000000,8.000000,1000000.000000,0.000000))
('postrure',(-3113.613685,2591.013200,-0.415521,62.198612,0.000000,62.198612))
('postrure',(-3078.009119,2663.265179,-0.427562,97.110790,0.000000,97.110790))
('postrure',(-3041.389033,2756.644766,-0.430149,244.557703,0.000000,244.557703))
('postrure',(-2997.675179,2858.652401,-0.435933,377.617497,-0.000000,377.617497))
('postrure',(-2951.795087,2958.458031,-0.462921,462.422806,0.000000,462.422806))
('postrure',(-2894.933772,3055.333931,-0.499900,476.327338,0.000000,476.327338))
('state',(-0.600000,1000000.000000,0.000000,8.000000,1000000.000000,0.000000))
('postrure',(-2825.345403,3164.396806,-0.544392,457.052454,0.000000,457.052454))
('postrure',(-2754.856612,3261.109289,-0.571969,412.064576,0.000000,412.064576))
('postrure',(-2679.886002,3343.168721,-0.593300,290.241142,-0.000000,290.241142))
('postrure',(-2606.002922,3415.116201,-0.605767,147.121354,-0.000000,147.121354))
('postrure',(-2535.685562,3485.849752,-0.622991,33.963131,0.000000,33.963131))
('postrure',(-2472.093555,3562.836983,-0.631542,6.086153,0.000000,6.086153))
('postrure',(-2413.680177,3642.122912,-0.640518,29.132121,0.000000,29.132121))
('postrure',(-2353.085428,3725.580822,-0.651236,62.316601,-0.000000,62.316601))
('postrure',(-2290.559191,3807.501087,-0.658694,80.673986,0.000000,80.673986))
('postrure',(-2223.463716,3890.139325,-0.663542,79.881579,-0.000000,79.881579))
('postrure',(-2155.420024,3968.602258,-0.668498,61.125159,0.000000,61.125159))
('postrure',(-2089.094298,4050.828305,-0.670221,55.032716,0.000000,55.032716))
('postrure',(-2021.745538,4133.821191,-0.670936,54.668977,-0.000000,54.668977))
('postrure',(-1952.289435,4218.145991,-0.670288,45.631062,0.000000,45.631062))
('state',(-0.600000,1000000.000000,0.000000,8.000000,1000000.000000,0.000000))
('postrure',(-1876.561264,4312.891091,-0.668754,45.129171,-0.000000,45.129171))
('postrure',(-1803.208356,4406.342523,-0.662782,48.660473,0.000000,48.660473))
('postrure',(-1722.626813,4516.409917,-0.646753,88.548967,0.000000,88.548967))
('postrure',(-1634.657400,4639.032799,-0.628495,124.862651,0.000000,124.862651))
('postrure',(-1545.157667,4765.880597,-0.615512,132.556098,0.000000,132.556098))
('postrure',(-1455.333595,4891.794878,-0.603062,94.214617,0.000000,94.214617))
('postrure',(-1362.100983,5022.686631,-0.586734,22.354451,0.000000,22.354451))
('state',(-0.600000,1000000.000000,0.000000,8.000000,1000000.000000,0.000000))
('postrure',(-1268.094392,5163.498322,-0.562307,-47.011308,0.000000,47.011308))
('postrure',(-1187.001381,5299.589697,-0.533239,-93.421635,-0.000000,93.421635))
('postrure',(-1114.198359,5438.388316,-0.495705,-117.568584,0.000000,117.568584))
('postrure',(-1050.612182,5576.402111,-0.456948,-120.070553,0.000000,120.070553))
('postrure',(-995.636801,5711.294834,-0.415935,-131.795081,-0.000000,131.795081))
('postrure',(-947.466932,5853.137516,-0.371627,-118.723962,0.000000,118.723962))
('postrure',(-906.316004,5996.833968,-0.325471,-104.327699,0.000000,104.327699))
('postrure',(-869.862282,6141.482354,-0.279955,-98.859986,-0.000000,98.859986))
('postrure',(-841.305790,6283.607791,-0.234761,-93.145512,-0.000000,93.145512))
('postrure',(-817.596016,6431.261787,-0.188946,-86.928472,0.000000,86.928472))
('postrure',(-798.865171,6579.257326,-0.145041,-77.442930,0.000000,77.442930))
('state',(-0.600000,1000000.000000,0.000000,8.000000,1000000.000000,0.000000))
('postrure',(-785.391066,6746.014537,-0.101404,-55.081676,0.000000,55.081676))
('state',(-0.600000,1000000.000000,0.000000,8.000000,1000000.000000,0.000000))
('state',(-0.600000,1000000.000000,0.000000,8.000000,1000000.000000,0.000000))
('postrure',(-776.899774,6928.759505,-0.062088,-33.262605,-0.000000,33.262605))
('postrure',(-773.704080,7078.623490,-0.030036,-35.049104,0.000000,35.049104))
('postrure',(-772.552423,7216.405528,0.002505,3.643078,-0.000000,3.643078))
('postrure',(-766.781493,7340.609549,0.028810,14.579586,0.000000,14.579586))
('postrure',(-752.834962,7441.974114,0.049397,-17.046119,0.000000,17.046119))
('postrure',(-390.056295,7682.426751,0.055226,-346.124315,0.000000,346.124315))
('postrure',(-375.729499,7740.271617,0.041542,-631.901569,0.000000,631.901569))
('postrure',(-371.162914,7786.830129,0.014245,-842.834327,-0.000000,842.834327))
('postrure',(-378.178667,7826.844814,-0.007155,-957.468135,0.000000,957.468135))
('postrure',(-390.425332,7857.956992,-0.011516,-942.086453,0.000000,942.086453))
('postrure',(-398.469631,7877.318953,0.002091,-928.212103,0.000000,928.212103))
('postrure',(-408.918828,7883.410998,0.005754,-903.302806,-0.000000,903.302806))
('postrure',(-426.396423,7878.042603,0.004453,-853.814601,-0.000000,853.814601))
('postrure',(-450.415672,7866.213023,0.002432,-791.385437,0.000000,791.385437))
('postrure',(-477.202664,7848.041837,-0.000089,-724.788241,-0.000000,724.788241))
('postrure',(-510.241437,7820.497108,-0.002988,-634.970075,0.000000,634.970075))
('postrure',(-548.658776,7785.577074,0.000362,-533.135238,-0.000000,533.135238))
('postrure',(-586.423956,7751.857663,0.002078,-444.173629,0.000000,444.173629))
('postrure',(-624.680376,7717.601284,0.002903,-349.630783,0.000000,349.630783))
('postrure',(-653.407694,7690.905909,0.005162,-284.877471,0.000000,284.877471))
('postrure',(-676.663727,7669.139946,0.003686,-220.916955,0.000000,220.916955))
('postrure',(-693.885721,7654.883242,0.002432,-182.731336,0.000000,182.731336))
('postrure',(-706.756289,7645.132343,0.001521,-153.777223,-0.000000,153.777223))
('postrure',(-717.392938,7637.784863,0.001067,-128.428439,-0.000000,128.428439))
('postrure',(-726.546138,7630.610852,0.000244,-102.772669,0.000000,102.772669))
('postrure',(-733.515384,7626.550435,0.000523,-87.591760,0.000000,87.591760))
('postrure',(-739.396508,7622.197330,-0.000032,-72.951275,-0.000000,72.951275))
('postrure',(-744.451002,7618.708164,0.000119,-60.911276,0.000000,60.911276))
('postrure',(-748.667028,7616.210676,0.000255,-50.375259,0.000000,50.375259))
('postrure',(-750.612768,7615.296141,0.000158,0.000000,0.000000,0.000000))
('postrure',(-751.618906,7614.742630,0.000455,0.000000,0.000000,0.000000))
('postrure',(-750.928170,7615.296005,0.000373,0.000000,0.000000,0.000000))
('postrure',(-750.928848,7615.172621,0.000285,0.000000,0.000000,0.000000))
('postrure',(-750.927710,7615.289430,0.000303,0.000000,0.000000,0.000000))
('postrure',(-750.957664,7615.211216,0.000357,0.000000,0.000000,0.000000))
('postrure',(-750.957557,7615.209929,0.000348,0.000000,0.000000,0.000000))
('postrure',(-750.957074,7615.202640,0.000294,0.000000,0.000000,0.000000))
('postrure',(-750.957043,7615.202190,0.000291,0.000000,0.000000,0.000000))
('postrure',(-750.957525,7615.209192,0.000342,0.000000,0.000000,0.000000))
('postrure',(-750.957472,7615.208423,0.000337,0.000000,0.000000,0.000000))
('postrure',(-750.985219,7615.231395,0.000294,0.000000,0.000000,0.000000))
('postrure',(-750.927695,7615.289245,0.000301,0.000000,0.000000,0.000000))
('state',(-0.600000,1000000.000000,0.000000,8.000000,1000000.000000,0.000000))
('postrure',(-751.095534,7615.579990,0.000327,-16.645817,0.000000,16.645817))
('postrure',(-753.732433,7631.905332,0.006079,-44.273072,-0.000000,44.273072))
('postrure',(-756.569699,7671.323043,0.014521,-57.468851,-0.000000,57.468851))
('postrure',(-760.561527,7735.277311,0.026960,-38.592264,0.000000,38.592264))
('postrure',(-768.834524,7821.659960,0.034204,61.684270,-0.000000,61.684270))
('postrure',(-776.916280,7924.062702,0.038315,139.742632,0.000000,139.742632))
('postrure',(-784.431680,8040.749190,0.029060,183.137398,-0.000000,183.137398))
('postrure',(-791.915917,8172.561971,0.017933,220.864829,0.000000,220.864829))
('postrure',(-798.484780,8316.578624,0.007491,252.927638,0.000000,252.927638))
('postrure',(-801.943510,8463.907391,0.001329,269.434005,-0.000000,269.434005))
('postrure',(-802.115778,8620.982191,0.001921,270.406163,0.000000,270.406163))
('postrure',(-798.728978,8782.903293,0.007963,257.202614,0.000000,257.202614))
('postrure',(-791.897651,8946.957415,0.013023,214.404341,0.000000,214.404341))
('postrure',(-785.246053,9113.565832,0.014436,163.224490,-0.000000,163.224490))
('postrure',(-780.397521,9279.048819,0.015571,125.984678,-0.000000,125.984678))
('postrure',(-777.186832,9450.364458,0.014009,96.718878,0.000000,96.718878))
('postrure',(-775.838810,9622.378448,0.012276,83.044313,0.000000,83.044313))
('postrure',(-774.285848,9794.506744,0.013518,71.936352,0.000000,71.936352))
('postrure',(-775.700852,9964.245071,0.010677,75.605492,0.000000,75.605492))
('postrure',(-778.140116,10138.639606,0.011220,-339.691677,0.000000,339.691677))
('postrure',(-790.146795,10309.054517,0.012275,-735.555173,0.000000,735.555173))
('postrure',(-817.911917,10476.789826,0.015076,-1084.953388,0.000000,1084.953388))
('postrure',(-859.836145,10636.787868,0.008663,-1283.893465,-0.000000,1283.893465))
('postrure',(-920.505352,10796.672550,0.008946,-1397.063693,0.000000,1397.063693))
('postrure',(-989.948670,10954.470419,0.006977,-1494.880913,-0.000000,1494.880913))
('postrure',(-1070.139056,11114.025623,0.014101,-1563.827403,0.000000,1563.827403))
('postrure',(-1157.529465,11265.851300,0.020866,-1599.160300,-0.000000,1599.160300))
('state',(-0.600000,1000000.000000,0.000000,8.000000,1000000.000000,0.000000))
('postrure',(-1257.704147,11415.796936,0.021448,-1592.373127,-0.000000,1592.373127))
('postrure',(-1364.521295,11561.312996,0.018749,-1559.159815,-0.000000,1559.159815))
('postrure',(-1480.334576,11702.844136,0.012303,-1483.295994,0.000000,1483.295994))
('postrure',(-1597.277948,11839.573350,0.009212,-1391.367157,-0.000000,1391.367157))
('postrure',(-1718.757084,11980.077316,0.013018,-1291.624697,0.000000,1291.624697))
('postrure',(-1839.792397,12120.109656,0.014797,-1229.415369,0.000000,1229.415369))
('postrure',(-1957.436171,12259.250407,0.019822,-1230.206430,-0.000000,1230.206430))
('postrure',(-2068.829104,12391.533377,0.021114,-1287.045156,-0.000000,1287.045156))
('postrure',(-2182.943410,12523.946198,0.022123,-1428.630455,0.000000,1428.630455))
('postrure',(-2296.791400,12649.914844,0.021863,-1595.153659,-0.000000,1595.153659))
('postrure',(-2410.941410,12770.765446,0.022726,-1782.518293,0.000000,1782.518293))
('postrure',(-2523.028053,12881.854572,0.023352,-1956.985461,0.000000,1956.985461))
('postrure',(-2636.527734,12988.234583,0.024733,-2136.372521,-0.000000,2136.372521))
('postrure',(-2752.401322,13081.444956,0.026369,-2274.530687,0.000000,2274.530687))
('postrure',(-2869.031865,13167.889049,0.033091,-2393.535928,0.000000,2393.535928))
('postrure',(-2979.860270,13243.889860,0.035736,-2486.131504,0.000000,2486.131504))
('postrure',(-3096.871152,13303.091395,0.034614,-2467.278460,-0.000000,2467.278460))
('postrure',(-3208.741389,13353.972356,0.039277,-2392.756997,0.000000,2392.756997))
('postrure',(-3317.956205,13393.682194,0.033320,-2364.797562,0.000000,2364.797562))
('postrure',(-3430.527495,13420.750116,0.031473,-2377.925386,0.000000,2377.925386))
('postrure',(-3540.665467,13441.531333,0.029631,-2413.730020,-0.000000,2413.730020))
('postrure',(-3657.454702,13453.048970,0.022084,-2472.131168,-0.000000,2472.131168))
('postrure',(-3783.731057,13458.558190,0.012805,-2414.848559,-0.000000,2414.848559))
('postrure',(-3911.993152,13462.403379,0.006611,-2364.371995,0.000000,2364.371995))
('postrure',(-4050.327424,13465.124245,-0.001136,-2322.373296,-0.000000,2322.373296))
('postrure',(-4197.230321,13465.583562,-0.012687,-2284.720120,0.000000,2284.720120))
('postrure',(-4348.750998,13470.159038,-0.018291,-2263.718081,0.000000,2263.718081))
('state',(-0.600000,1000000.000000,0.000000,8.000000,1000000.000000,0.000000))
('state',(-0.600000,1000000.000000,0.000000,8.000000,1000000.000000,0.000000))
('postrure',(-4523.624303,13480.642845,-0.022533,-2141.377303,0.000000,2141.377303))
('postrure',(-4687.578672,13495.718757,-0.020343,-1733.432322,0.000000,1733.432322))
('postrure',(-4845.712747,13515.924781,-0.008737,-1317.600197,0.000000,1317.600197))
('postrure',(-4996.679457,13529.132324,-0.001490,-896.763897,0.000000,896.763897))
('postrure',(-5124.558221,13535.828502,0.002626,-479.420141,-0.000000,479.420141))
('postrure',(-5228.609253,13529.417173,0.007956,-44.507271,-0.000000,44.507271))
('postrure',(-5306.056718,13509.143783,-0.005019,426.106545,0.000000,426.106545))
('postrure',(-5356.029237,13472.898134,-0.032774,773.517055,-0.000000,773.517055))
('postrure',(-5380.353349,13426.384822,-0.075065,925.684603,-0.000000,925.684603))
('postrure',(-5389.819040,13379.857730,-0.096009,940.551808,-0.000000,940.551808))
('postrure',(-5394.563071,13346.455415,-0.062485,964.305707,0.000000,964.305707))
('postrure',(-5387.160252,13324.316511,-0.026695,953.938722,-0.000000,953.938722))
('postrure',(-5371.719847,13305.173075,0.004872,929.363958,0.000000,929.363958))
('postrure',(-5350.068826,13290.396432,0.015697,879.947654,0.000000,879.947654))
('postrure',(-5322.720648,13283.098146,0.004927,801.654817,0.000000,801.654817))
('postrure',(-5294.760761,13286.549572,-0.006542,724.879281,-0.000000,724.879281))
('postrure',(-5265.868003,13302.710288,-0.004093,655.337039,0.000000,655.337039))
('postrure',(-5231.996960,13326.464433,-0.002306,568.916550,0.000000,568.916550))
('postrure',(-5193.354828,13355.153830,0.000982,466.216105,-0.000000,466.216105))
('postrure',(-5154.864658,13385.997674,0.000718,373.216588,0.000000,373.216588))
('postrure',(-5123.514117,13412.663617,-0.000634,302.364708,-0.000000,302.364708))
('postrure',(-5095.287528,13436.297455,0.000976,232.194465,0.000000,232.194465))
('postrure',(-5075.673375,13450.993499,-0.001439,181.953709,0.000000,181.953709))
('postrure',(-5061.634460,13461.961206,0.000293,149.794019,0.000000,149.794019))
('postrure',(-5050.374298,13471.223505,0.000815,122.194912,-0.000000,122.194912))
('postrure',(-5041.341184,13476.767713,0.000584,99.915878,0.000000,99.915878))
('postrure',(-5033.615908,13481.850468,-0.000144,79.990771,0.000000,79.990771))
('postrure',(-5028.512187,13486.160926,0.001107,68.214253,0.000000,68.214253))
('postrure',(-5024.347663,13488.896731,0.000600,58.691120,-0.000000,58.691120))
('postrure',(-5020.501237,13491.028035,0.000069,49.098265,0.000000,49.098265))
('postrure',(-5017.252646,13493.459653,-0.000180,39.844249,0.000000,39.844249))
('postrure',(-5014.534675,13494.888766,0.000169,33.758302,0.000000,33.758302))
('postrure',(-5012.759987,13495.741935,0.000227,30.046758,-0.000000,30.046758))
('postrure',(-5011.383597,13496.393168,0.000039,26.486871,0.000000,26.486871))
('postrure',(-5010.493328,13497.111784,0.000112,24.132024,0.000000,24.132024))
('postrure',(-5009.374155,13497.679022,-0.000075,0.000000,0.000000,0.000000))
('postrure',(-5009.001761,13498.012078,0.000081,0.000000,0.000000,0.000000))
('postrure',(-5009.001902,13497.880308,-0.000047,0.000000,0.000000,0.000000))
('postrure',(-5009.118115,13497.915020,0.000203,0.000000,0.000000,0.000000))
('postrure',(-5009.178366,13497.896881,0.000489,0.000000,0.000000,0.000000))
('postrure',(-5009.125092,13497.883323,0.000815,0.000000,0.000000,0.000000))
('postrure',(-5009.298617,13497.724677,0.000903,0.000000,0.000000,0.000000))
('postrure',(-5009.189564,13497.661798,0.001290,0.000000,0.000000,0.000000))
('postrure',(-5009.301851,13497.639388,0.001119,0.000000,0.000000,0.000000))
('postrure',(-5009.302711,13497.651742,0.001210,0.000000,0.000000,0.000000))
('postrure',(-5009.275064,13497.630570,0.001266,0.000000,0.000000,0.000000))
('postrure',(-5009.275478,13497.636502,0.001310,0.000000,0.000000,0.000000))
('postrure',(-5009.303499,13497.663046,0.001293,0.000000,0.000000,0.000000))
('postrure',(-5009.303853,13497.668130,0.001331,0.000000,0.000000,0.000000))
('postrure',(-5009.362630,13497.497625,0.001337,0.000000,0.000000,0.000000))
('postrure',(-5009.302695,13497.651668,0.001209,0.000000,0.000000,0.000000))
('postrure',(-5009.388916,13497.762447,0.001390,0.000000,0.000000,0.000000))
('postrure',(-5009.418902,13497.685874,0.001457,0.000000,0.000000,0.000000))
('postrure',(-5009.419674,13497.696893,0.001539,0.000000,0.000000,0.000000))
